765
271.0

31.10000000000003
19.800000000000026
19.80000000000002
31.100000000000037
-18.59999999999998
156.70000000000002
110.40000000000003
61.7
55.40000000000002
135.69999999999996
130.40000000000003
56.70000000000003
271.0
35.400000000000034
251.0
185.40000000000003
202.09999999999997
46.80000000000002
127.10000000000002
121.80000000000004
31.10000000000003
259.70000000000005
181.10000000000002
136.70000000000002
46.80000000000002
147.10000000000002
121.80000000000004
72.10000000000001
231.70000000000002
58.10000000000003
108.70000000000002
181.10000000000002
147.10000000000002
73.80000000000001
99.10000000000002
121.80000000000004
106.10000000000002
206.4
181.10000000000002
131.40000000000003
94.80000000000004
121.80000000000001
121.80000000000004
94.80000000000003
103.40000000000003
76.40000000000003
76.40000000000003
103.40000000000003
162.70000000000002
222.5
114.70000000000003
270.5
106.10000000000002
155.70000000000002
101.70000000000002
130.40000000000003
103.40000000000003
103.40000000000003
130.40000000000003
154.10000000000002
126.10000000000002
181.10000000000002
99.10000000000002
75.40000000000003
20.40000000000001
75.40000000000003
20.400000000000013
41.40000000000001
23.100000000000023
-6.599999999999994
71.10000000000002
66.80000000000001
39.800000000000026
39.80000000000002
66.80000000000003
24.10000000000002
151.4
126.10000000000002
49.40000000000001
-8.199999999999992
92.10000000000002
66.80000000000003
17.099999999999998
176.70000000000002
3.10000000000002
53.7
126.10000000000002
92.10000000000002
18.800000000000008
44.10000000000002
66.80000000000003
51.10000000000002
151.4
126.10000000000002
76.40000000000002
39.800000000000026
66.80000000000001
66.80000000000003
39.80000000000002
222.29999999999995
195.0
220.3
197.00000000000003
195.0
195.0
197.0
216.00000000000003
85.10000000000001
268.29999999999995
241.3
82.40000000000002
78.40000000000003
78.40000000000003
82.40000000000003
80.70000000000005
236.0
155.70000000000005
161.0
82.40000000000002
210.70000000000005
130.40000000000003
162.70000000000005
209.00000000000003
62.400000000000034
168.0
185.40000000000003
147.10000000000002
46.80000000000002
72.10000000000001
121.80000000000004
79.10000000000002
206.4
181.10000000000002
104.4
94.80000000000004
121.80000000000001
121.80000000000004
94.80000000000003
202.1
46.80000000000003
127.10000000000002
121.80000000000004
66.80000000000001
121.80000000000004
66.80000000000001
121.80000000000004
154.10000000000002
126.10000000000002
181.10000000000002
99.10000000000002
94.80000000000004
121.80000000000001
121.80000000000004
94.80000000000003
222.29999999999995
195.0
220.3
197.00000000000003
92.00000000000001
229.29999999999998
94.0
227.3
85.10000000000001
255.2
269.3

1108
151.4

86.70000000000005
65.40000000000002
63.70000000000003
61.40000000000001
44.10000000000002
39.80000000000002
65.10000000000002
65.4
100.8
80.70000000000003
73.8
99.10000000000004
87.00000000000003
100.8
89.4
73.79999999999998
120.1
66.70000000000003
83.4
89.40000000000002
103.40000000000003
110.40000000000003
110.40000000000003
103.40000000000003
108.70000000000003
100.80000000000001
100.8
108.70000000000003
110.40000000000003
103.40000000000003
103.40000000000003
76.40000000000003
119.00000000000003
116.4
101.70000000000003
114.70000000000003
110.40000000000003
109.70000000000002
109.70000000000003
110.40000000000003
83.40000000000002
107.70000000000003
118.30000000000001
86.70000000000005
63.70000000000002
63.70000000000003
86.70000000000003
33.70000000000001
25.100000000000005
75.70000000000002
109.4
86.70000000000002
55.40000000000002
80.70000000000002
61.40000000000002
7.400000000000006
107.70000000000002
82.40000000000002
32.699999999999996
151.4
147.00000000000003
69.3
141.70000000000002
107.70000000000002
34.400000000000006
59.70000000000002
82.40000000000002
66.70000000000002
142.70000000000002
141.70000000000002
92.00000000000001
55.40000000000002
82.4
82.40000000000002
55.40000000000001
135.70000000000002
128.70000000000005
82.40000000000002
114.70000000000003
135.69999999999996
135.70000000000002
87.70000000000002
82.40000000000002
120.00000000000003
89.00000000000003
141.70000000000002

714
271.0

57.10000000000002
23.10000000000001
76.40000000000003
21.400000000000016
76.40000000000003
21.400000000000006
53.70000000000002
76.40000000000003
101.70000000000002
28.40000000000002
121.80000000000001
72.10000000000004
127.10000000000002
99.10000000000004
72.10000000000004
126.10000000000001
99.10000000000004
127.10000000000001
94.80000000000004
67.80000000000004
67.80000000000004
94.80000000000004
100.10000000000004
126.10000000000002
126.10000000000001
100.10000000000004
67.80000000000004
94.80000000000004
94.80000000000004
67.80000000000004
99.10000000000004
49.40000000000003
24.100000000000023
124.40000000000003
127.10000000000002
131.39999999999998
106.10000000000004
99.10000000000001
56.40000000000002
141.70000000000005
134.00000000000003
76.40000000000002
-3.899999999999995
28.400000000000013
101.70000000000003
76.40000000000003
53.7
124.4
60.70000000000003
120.00000000000001
87.7
99.10000000000004
67.80000000000004
93.10000000000004
73.80000000000004
79.10000000000004
179.3
133.10000000000002
114.00000000000001
46.800000000000026
175.09999999999997
94.80000000000004
127.10000000000004
271.0
31.100000000000037
191.70000000000005
154.10000000000002
175.09999999999997
19.800000000000026
100.10000000000004
94.80000000000004
67.80000000000004
94.80000000000003
94.80000000000004
67.80000000000004
19.800000000000026
120.10000000000004
94.80000000000004
45.100000000000016
120.10000000000004
46.800000000000026
72.10000000000004
94.80000000000004
31.100000000000037
81.70000000000002
154.10000000000002

1009
141.00000000000003

14.500000000000014
41.50000000000001
41.500000000000014
14.500000000000007
27.400000000000013
82.4
80.70000000000003
50.000000000000014
100.8
64.00000000000003
94.80000000000001
91.00000000000003
70.30000000000003
100.8
99.10000000000004
100.0
86.70000000000002
59.70000000000003
59.70000000000003
86.70000000000003
92.00000000000003
100.80000000000001
100.8
92.00000000000003
59.70000000000003
86.70000000000002
86.70000000000003
59.70000000000003
27.400000000000013
99.10000000000004
8.400000000000006
62.500000000000014
103.40000000000003
34.40000000000002
94.69999999999999
96.30000000000003
41.300000000000026
59.70000000000003
135.70000000000005
80.70000000000003
114.70000000000003
28.400000000000013
101.70000000000003
76.40000000000003
53.7
124.4
60.70000000000003
120.00000000000001
87.7
99.10000000000004
67.80000000000004
93.10000000000004
73.80000000000004
67.80000000000004
94.80000000000003
94.80000000000004
67.80000000000004
35.50000000000002
94.80000000000004
14.500000000000014
115.80000000000004
46.800000000000026
135.69999999999996
94.80000000000004
127.10000000000004
121.79999999999995
19.800000000000026
100.10000000000004
94.80000000000004
31.100000000000037
138.4
99.10000000000002