12800
272.4

329.19999999999993
330.1999999999999
300.19999999999993
309.0
241.0
236.0
249.79999999999995
211.0
233.60000000000002
233.60000000000002
233.60000000000002
233.60000000000002
234.79999999999995
234.79999999999995
234.79999999999995
234.79999999999995
248.2
248.2
248.2
248.2
219.39999999999992
219.39999999999992
219.39999999999992
219.39999999999992
233.2
233.2
233.2
233.2
221.39999999999995
225.59999999999994
202.39999999999995
204.19999999999996
226.39999999999995
203.59999999999997
205.39999999999995
219.19999999999996
223.39999999999995
223.39999999999995
223.39999999999995
223.39999999999995
249.4
249.0
251.4
247.0
254.39999999999998
254.39999999999998
254.39999999999998
254.39999999999998
265.99999999999994
265.19999999999993
269.99999999999994
261.19999999999993
325.99999999999994
329.5999999999999
331.99999999999994
323.5999999999999
236.4
236.8
234.4
236.8
234.8
234.8
234.8
234.8
249.39999999999998
249.39999999999998
249.39999999999998
249.39999999999998
249.39999999999998
249.39999999999998
249.39999999999998
249.39999999999998
229.0
229.0
229.0
229.0
234.39999999999998
234.39999999999998
234.39999999999998
234.39999999999998
219.19999999999996
220.99999999999997
198.19999999999996
321.19999999999993
357.1999999999999
327.19999999999993
351.1999999999999
264.0
232.0
245.79999999999995
234.0
264.0
264.0
264.0
264.0
255.79999999999995
255.79999999999995
255.79999999999995
255.79999999999995
242.2
242.2
242.2
242.2
240.39999999999992
240.39999999999992
240.39999999999992
240.39999999999992
263.59999999999997
263.59999999999997
263.59999999999997
263.59999999999997
244.39999999999995
248.59999999999994
223.39999999999995
229.19999999999996
224.39999999999995
228.59999999999997
227.7999999999999
249.59999999999997
227.39999999999992
227.39999999999992
227.39999999999992
227.39999999999992
281.8
241.0
243.4
307.0
225.39999999999998
248.39999999999998
248.39999999999998
225.39999999999998
261.99999999999994
257.19999999999993
261.99999999999994
257.19999999999993
333.99999999999994
302.5999999999999
304.99999999999994
322.7999999999999
213.4
247.5999999999999
247.5999999999999
247.5999999999999
247.5999999999999
185.99999999999994
251.79999999999995
251.79999999999995
251.79999999999995
251.79999999999995
190.2
226.5999999999999
226.5999999999999
226.5999999999999
226.5999999999999
164.99999999999994
272.79999999999995
272.79999999999995
272.79999999999995
272.79999999999995
211.2
329.19999999999993
325.99999999999994
321.19999999999993
329.99999999999994
336.4
336.0
338.4
334.0
278.79999999999995
278.79999999999995
278.79999999999995
278.79999999999995
336.40000000000003
336.40000000000003
336.40000000000003
336.40000000000003
278.4
278.4
278.4
278.4
351.00000000000006
351.00000000000006
351.00000000000006
351.00000000000006
291.4
295.5999999999999
272.4
316.5999999999999
321.8
326.0
300.8
347.0
288.39999999999986
288.39999999999986
288.39999999999986
288.39999999999986
281.8
337.99999999999983
275.8
337.99999999999983
289.2
318.79999999999995
283.2
318.79999999999995
325.19999999999993
324.3999999999999
329.19999999999993
320.3999999999999
330.19999999999993
329.5999999999999
357.1999999999999
302.5999999999999
335.99999999999994
335.59999999999997
337.99999999999994
333.59999999999997
278.79999999999995
278.79999999999995
278.79999999999995
278.79999999999995
336.0
336.0
336.0
336.0
278.4
278.4
278.4
278.4
350.6
350.6
350.6
350.6
291.0
295.19999999999993
272.4
300.19999999999993
331.99999999999994
327.19999999999993
304.99999999999994
338.4
338.0
340.4
336.0
278.79999999999995
278.79999999999995
278.79999999999995
278.79999999999995
338.40000000000003
338.40000000000003
338.40000000000003
338.40000000000003
278.4
278.4
278.4
278.4
353.00000000000006
353.00000000000006
353.00000000000006
353.00000000000006
293.4
297.5999999999999
272.4
359.19999999999993
323.5999999999999
351.1999999999999
331.5999999999999
333.99999999999994
333.59999999999997
335.99999999999994
331.59999999999997
278.79999999999995
278.79999999999995
278.79999999999995
278.79999999999995
280.59999999999997
280.59999999999997
280.59999999999997
280.59999999999997
278.4
278.4
278.4
278.4
348.6
348.6
348.6
348.6
289.0
293.19999999999993
272.4
241.0
236.0
266.0
211.0
292.0
287.79999999999995
311.0
266.79999999999995
292.0
287.79999999999995
311.0
266.79999999999995
292.0
287.79999999999995
311.0
266.79999999999995
292.0
287.79999999999995
311.0
266.79999999999995
253.59999999999997
253.59999999999997
253.59999999999997
253.59999999999997
288.0
283.8
295.5999999999999
262.8
288.0
283.8
295.5999999999999
262.8
288.0
283.8
295.5999999999999
262.8
288.0
283.8
295.5999999999999
262.8
233.2
233.2
233.2
233.2
283.0
278.8
280.5999999999999
257.8
283.0
278.8
280.5999999999999
257.8
283.0
278.8
280.5999999999999
257.8
283.0
278.8
280.5999999999999
257.8
223.39999999999995
227.59999999999994
202.39999999999995
248.59999999999994
243.79999999999995
259.4
222.79999999999995
268.99999999999994
226.19999999999996
306.79999999999995
221.99999999999994
246.79999999999995
283.79999999999995
242.59999999999997
281.8
281.8
281.8
281.8
276.79999999999995
280.0
255.79999999999995
309.0
262.59999999999997
283.8
285.79999999999995
285.79999999999995
283.8
276.79999999999995
280.0
255.79999999999995
307.0
256.6
286.79999999999995
287.2
284.79999999999995
289.2
283.2
287.4
262.2
314.4
260.20000000000005
286.79999999999995
287.2
285.4
289.2
283.2
287.4
262.2
314.4
259.6

11669
426.79999999999995

299.8
236.39999999999998
299.8
299.8
299.8
299.8
252.5999999999999
252.5999999999999
252.5999999999999
252.5999999999999
310.99999999999994
310.59999999999997
312.99999999999994
308.59999999999997
316.0
315.99999999999994
316.0
315.99999999999994
325.59999999999997
325.59999999999997
325.59999999999997
325.59999999999997
315.2
315.2
315.2
315.2
256.4
256.4
256.4
256.4
302.9999999999999
302.19999999999993
306.9999999999999
298.19999999999993
271.3999999999999
270.99999999999994
273.3999999999999
268.99999999999994
341.7999999999999
340.59999999999997
347.7999999999999
334.59999999999997
344.79999999999995
344.79999999999995
344.79999999999995
344.79999999999995
301.0
301.0
301.0
301.0
301.0
301.0
301.0
301.0
389.5999999999999
306.5999999999999
366.5999999999999
329.5999999999999
316.3999999999999
312.19999999999993
337.3999999999999
305.79999999999995
321.79999999999995
317.2
344.79999999999995
308.8
326.79999999999995
326.79999999999995
326.79999999999995
326.79999999999995
316.4
316.4
316.4
316.4
306.79999999999995
333.4
308.2
312.4
303.79999999999995
303.79999999999995
303.79999999999995
303.79999999999995
310.59999999999985
306.19999999999993
308.59999999999985
308.19999999999993
342.5999999999999
342.19999999999993
344.5999999999999
340.19999999999993
343.3999999999999
344.79999999999995
337.3999999999999
343.3999999999999
338.4
338.4
338.4
338.4
330.3999999999999
330.3999999999999
330.3999999999999
330.3999999999999
343.3999999999999
337.99999999999994
337.3999999999999
337.99999999999994
350.79999999999995
330.3999999999999
344.79999999999995
330.3999999999999
332.79999999999995
332.79999999999995
332.79999999999995
332.79999999999995
337.2
341.4
362.4
362.4
323.7999999999999
323.7999999999999
323.7999999999999
323.7999999999999
341.3999999999999
340.99999999999994
343.3999999999999
338.99999999999994
338.3999999999999
338.3999999999999
338.3999999999999
338.3999999999999
323.7999999999999
323.7999999999999
323.7999999999999
323.7999999999999
299.8
345.79999999999995
351.99999999999994
337.79999999999995
357.99999999999994
338.4
338.4
338.4
338.4
344.99999999999994
344.99999999999994
344.99999999999994
344.99999999999994
357.99999999999994
341.79999999999995
351.99999999999994
341.79999999999995
365.4
337.8
359.4
337.8
341.79999999999995
342.2
339.79999999999995
339.0
351.79999999999995
356.0
377.0
377.0
326.1999999999999
326.1999999999999
326.1999999999999
326.1999999999999
341.79999999999995
341.0
345.79999999999995
337.0
374.99999999999994
374.59999999999997
326.59999999999985
372.59999999999997
345.79999999999995
351.99999999999994
337.79999999999995
357.99999999999994
338.4
338.4
338.4
338.4
344.99999999999994
344.99999999999994
344.99999999999994
344.99999999999994
357.99999999999994
342.2
351.99999999999994
342.2
365.4
337.8
359.4
337.8
342.2
341.79999999999995
339.0
339.79999999999995
351.79999999999995
356.0
377.0
377.0
326.1999999999999
345.79999999999995
351.99999999999994
337.79999999999995
357.99999999999994
338.4
338.4
338.4
338.4
344.99999999999994
344.99999999999994
344.99999999999994
344.99999999999994
357.99999999999994
339.79999999999995
351.99999999999994
339.79999999999995
365.4
337.8
359.4
337.8
339.79999999999995
339.0
341.79999999999995
342.2
351.79999999999995
356.0
377.0
377.0
326.1999999999999
345.79999999999995
351.99999999999994
337.79999999999995
357.99999999999994
338.4
338.4
338.4
338.4
344.99999999999994
344.99999999999994
344.99999999999994
344.99999999999994
357.99999999999994
344.2
351.99999999999994
344.2
365.4
337.8
359.4
337.8
339.0
339.79999999999995
342.2
341.79999999999995
351.79999999999995
356.0
377.0
377.0
326.1999999999999
328.4
389.5999999999999
322.4
308.1999999999998
328.4
366.5999999999999
301.3999999999999
308.1999999999998
365.79999999999995
371.2
338.79999999999995
343.3999999999999
343.3999999999999
343.3999999999999
343.3999999999999
343.3999999999999
312.2
365.4
366.99999999999994
357.4
374.99999999999994
362.4
362.4
362.4
362.4
312.2
367.79999999999995
372.39999999999986
359.79999999999995
359.99999999999994
362.4
362.4
362.4
362.4
312.2
363.4
345.99999999999994
336.4
353.1999999999999
337.99999999999994
337.99999999999994
337.99999999999994
337.99999999999994
312.2
351.0
366.5999999999999
322.0
350.99999999999994
352.2
344.99999999999994
358.2
348.3999999999999
348.3999999999999
348.3999999999999
348.3999999999999
322.59999999999997
351.0
359.4
345.0
350.79999999999995
350.79999999999995
350.79999999999995
350.79999999999995
350.79999999999995
322.59999999999997
350.99999999999994
329.2
321.99999999999994
410.7999999999999
407.5999999999999
402.7999999999999
411.5999999999999
413.39999999999986
412.9999999999999
415.39999999999986
410.9999999999999
355.7999999999999
355.7999999999999
355.7999999999999
355.7999999999999
402.5999999999999
402.9999999999999
400.5999999999999
404.9999999999999
365.3999999999999
365.3999999999999
365.3999999999999
365.3999999999999
378.39999999999986
419.59999999999985
372.39999999999986
419.59999999999985
356.79999999999995
358.2
379.79999999999995
358.2
389.19999999999993
389.19999999999993
389.19999999999993
389.19999999999993
406.7999999999999
405.99999999999994
410.7999999999999
401.99999999999994
399.2
403.4
378.2
424.4
410.7999999999999
407.5999999999999
402.7999999999999
411.5999999999999
413.39999999999986
412.9999999999999
415.39999999999986
410.9999999999999
355.7999999999999
410.7999999999999
407.5999999999999
402.7999999999999
411.5999999999999
413.39999999999986
412.9999999999999
415.39999999999986
410.9999999999999
355.7999999999999
410.7999999999999
407.5999999999999
402.7999999999999
411.5999999999999
413.39999999999986
412.9999999999999
415.39999999999986
410.9999999999999
355.7999999999999
395.7999999999999
392.5999999999999
387.7999999999999
396.5999999999999
397.9999999999999
397.5999999999999
399.9999999999999
395.5999999999999
340.3999999999999
395.7999999999999
392.5999999999999
387.7999999999999
400.2
397.9999999999999
397.5999999999999
399.9999999999999
395.5999999999999
340.3999999999999
395.7999999999999
392.5999999999999
387.7999999999999
396.5999999999999
397.9999999999999
397.5999999999999
399.9999999999999
395.5999999999999
340.3999999999999
395.7999999999999
392.5999999999999
387.7999999999999
398.2
397.9999999999999
397.5999999999999
399.9999999999999
395.5999999999999
340.3999999999999
321.99999999999983
321.99999999999983
321.99999999999983
321.99999999999983
473.1999999999998
473.9999999999999
469.1999999999998
477.9999999999999
484.39999999999986
483.9999999999999
486.39999999999986
481.9999999999999
424.79999999999995
424.79999999999995
424.79999999999995
424.79999999999995
459.2
459.2
459.2
459.2
436.39999999999975
436.39999999999975
436.39999999999975
436.39999999999975
439.39999999999986
439.39999999999986
439.39999999999986
439.39999999999986
437.1999999999998
437.1999999999998
437.1999999999998
437.1999999999998
474.19999999999993
474.19999999999993
474.19999999999993
474.19999999999993
439.39999999999986
439.39999999999986
439.39999999999986
439.39999999999986
440.5999999999999
440.5999999999999
440.5999999999999
440.5999999999999
447.99999999999983
452.1999999999998
426.99999999999983
473.1999999999998
472.39999999999986
473.9999999999999
464.39999999999986
481.9999999999999
483.5999999999999
483.9999999999999
481.5999999999999
464.9999999999999
424.4
477.1999999999998
473.9999999999999
469.1999999999998
481.9999999999999
488.39999999999986
483.9999999999999
486.39999999999986
485.9999999999999
426.79999999999995
426.79999999999995
426.79999999999995
426.79999999999995
440.2
440.2
440.2
440.2
438.39999999999975
438.39999999999975
438.39999999999975
438.39999999999975
441.39999999999986
441.39999999999986
441.39999999999986
441.39999999999986
439.1999999999998
439.1999999999998
439.1999999999998
439.1999999999998
455.19999999999993
455.19999999999993
455.19999999999993
455.19999999999993
441.39999999999986
441.39999999999986
441.39999999999986
441.39999999999986
442.5999999999999
442.5999999999999
442.5999999999999
442.5999999999999
430.99999999999983
477.1999999999998
451.99999999999983
456.1999999999998
468.39999999999986
473.9999999999999
464.39999999999986
477.9999999999999
479.5999999999999
483.9999999999999
481.5999999999999
481.9999999999999
422.4

17974
623.9999999999999

449.99999999999983
454.7999999999999
454.3999999999998
454.7999999999999
452.3999999999998
456.7999999999999
432.19999999999993
432.19999999999993
432.19999999999993
432.19999999999993
486.0
485.59999999999997
488.0
483.59999999999997
461.4
461.4
461.4
461.4
445.99999999999994
445.99999999999994
445.99999999999994
445.99999999999994
393.3999999999999
470.8
420.3999999999999
443.8
431.79999999999984
435.9999999999998
410.79999999999984
456.9999999999998
504.9999999999999
551.1999999999998
525.9999999999999
530.1999999999998
547.9999999999999
543.5999999999999
545.9999999999999
545.5999999999999
486.40000000000003
486.40000000000003
486.40000000000003
486.40000000000003
495.19999999999993
495.5999999999999
493.19999999999993
497.5999999999999
563.2
512.9999999999999
540.2
503.2
487.0
496.3999999999998
508.0
499.5999999999999
540.2
503.2
563.2
489.5999999999998
511.79999999999984
521.5999999999998
496.3999999999998
500.5999999999998
419.99999999999994
467.99999999999994
427.9999999999999
444.99999999999994
428.59999999999985
432.7999999999998
445.2
453.7999999999998
501.79999999999995
547.9999999999999
522.8
526.9999999999999
441.99999999999983
443.99999999999983
446.7999999999999
454.79999999999984
457.1999999999998
454.39999999999986
451.1999999999998
454.3999999999998
454.7999999999999
452.3999999999998
456.7999999999999
432.19999999999993
432.19999999999993
432.19999999999993
432.19999999999993
486.0
485.59999999999997
488.0
483.59999999999997
461.4
461.4
461.4
461.4
445.99999999999994
445.99999999999994
445.99999999999994
445.99999999999994
474.59999999999997
461.4
441.59999999999997
438.4
431.79999999999984
435.9999999999998
459.80000000000007
456.9999999999998
504.9999999999999
551.1999999999998
525.9999999999999
530.1999999999998
546.7999999999998
543.5999999999999
538.7999999999998
551.5999999999999
540.5999999999999
541.0
538.5999999999999
543.0
507.9999999999998
507.9999999999998
507.9999999999998
507.9999999999998
511.6
511.39999999999986
513.6
511.39999999999986
508.79999999999984
508.79999999999984
508.79999999999984
508.79999999999984
512.1999999999999
512.1999999999999
512.1999999999999
512.1999999999999
469.7999999999999
470.19999999999993
532.8
494.9999999999999
476.4
480.6
501.6
501.6
500.5999999999999
546.7999999999998
521.5999999999999
525.7999999999998
489.59999999999997
486.40000000000003
481.59999999999997
494.40000000000003
450.7999999999999
538.3999999999999
535.1999999999999
530.3999999999999
543.1999999999999
544.9999999999999
540.5999999999999
542.9999999999999
542.5999999999999
499.5999999999998
499.5999999999998
499.5999999999998
499.5999999999998
503.19999999999993
502.9999999999999
505.19999999999993
502.9999999999999
500.39999999999975
500.39999999999975
500.39999999999975
500.39999999999975
503.79999999999984
503.79999999999984
503.79999999999984
503.79999999999984
499.59999999999997
499.99999999999994
497.59999999999997
501.99999999999994
528.8
532.9999999999999
507.79999999999995
507.79999999999995
498.79999999999995
538.3999999999999
513.1999999999999
517.3999999999999
538.7999999999998
535.5999999999999
530.7999999999998
543.5999999999999
545.4
541.0
543.4
543.0
499.9999999999999
499.9999999999999
499.9999999999999
499.9999999999999
503.5999999999999
503.4
505.5999999999999
503.4
500.79999999999984
500.79999999999984
500.79999999999984
500.79999999999984
504.1999999999998
504.1999999999998
504.1999999999998
504.1999999999998
499.59999999999997
500.7999999999999
493.59999999999997
536.3999999999999
533.1999999999999
528.3999999999999
541.1999999999999
542.9999999999999
538.5999999999999
540.9999999999999
540.5999999999999
497.5999999999998
540.7999999999998
537.5999999999999
532.7999999999998
545.5999999999999
547.4
543.0
545.4
545.0
501.9999999999999
501.9999999999999
501.9999999999999
501.9999999999999
505.5999999999999
505.4
507.5999999999999
505.4
502.79999999999984
502.79999999999984
502.79999999999984
502.79999999999984
506.1999999999998
506.1999999999998
506.1999999999998
506.1999999999998
499.59999999999997
504.7999999999999
497.59999999999997
516.1999999999998
563.2
508.1999999999998
529.2
512.3999999999997
507.9999999999998
510.39999999999975
509.9999999999998
450.7999999999999
516.1999999999998
512.9999999999999
508.1999999999998
511.2
512.3999999999997
507.9999999999998
510.39999999999975
509.9999999999998
450.7999999999999
516.1999999999998
540.2
508.1999999999998
571.2
512.3999999999997
507.9999999999998
510.39999999999975
509.9999999999998
450.7999999999999
516.1999999999998
512.9999999999999
508.1999999999998
511.2
512.3999999999997
507.9999999999998
510.39999999999975
509.9999999999998
450.7999999999999
569.9999999999999
570.9999999999999
540.9999999999999
553.8
561.9999999999998
557.5999999999998
559.9999999999998
559.5999999999998
500.39999999999986
500.39999999999986
500.39999999999986
500.39999999999986
503.19999999999993
503.5999999999999
501.19999999999993
505.5999999999999
504.3999999999998
508.5999999999998
514.4
500.5999999999998
487.3999999999999
569.5999999999999
566.7999999999998
559.5999999999999
576.7999999999998
561.9999999999998
557.5999999999998
559.9999999999998
559.5999999999998
500.39999999999986
500.39999999999986
500.39999999999986
500.39999999999986
502.9999999999999
503.4
500.9999999999999
505.4
539.5999999999999
535.4
506.3999999999998
514.4
486.99999999999983
571.9999999999999
591.9999999999999
561.9999999999999
601.9999999999999
561.9999999999998
557.5999999999998
559.9999999999998
559.5999999999998
500.39999999999986
500.39999999999986
500.39999999999986
500.39999999999986
505.19999999999993
505.5999999999999
503.19999999999993
507.5999999999999
514.4
501.59999999999985
506.3999999999998
500.5999999999998
489.3999999999999
567.5999999999999
545.7999999999998
538.5999999999999
574.7999999999998
561.9999999999998
557.5999999999998
559.9999999999998
559.5999999999998
500.39999999999986
500.39999999999986
500.39999999999986
500.39999999999986
502.9999999999999
503.4
500.9999999999999
505.4
504.3999999999998
514.4
539.5999999999999
535.4
484.99999999999983
515.7999999999998
540.2
484.79999999999984
515.8
512.5999999999998
507.79999999999995
511.2
513.1999999999998
508.79999999999984
511.1999999999998
510.79999999999984
451.59999999999985
515.7999999999998
563.2
507.79999999999984
571.2
513.1999999999998
508.79999999999984
511.1999999999998
510.79999999999984
451.59999999999985
515.8
489.5999999999998
514.9999999999999
511.79999999999984
506.9999999999999
519.7999999999998
516.5999999999999
512.1999999999999
514.5999999999999
514.1999999999999
462.2
514.9999999999999
521.5999999999998
506.9999999999999
508.5999999999998
516.5999999999999
512.1999999999999
514.5999999999999
514.1999999999999
454.99999999999994
514.9999999999999
511.79999999999984
506.9999999999999
519.7999999999998
516.5999999999999
512.1999999999999
514.5999999999999
514.1999999999999
454.99999999999994
514.9999999999999
511.79999999999984
506.9999999999999
529.5999999999998
516.5999999999999
512.1999999999999
514.5999999999999
514.1999999999999
454.99999999999994
530.3999999999999
527.1999999999999
522.3999999999999
535.1999999999999
527.0000000000001
522.6
525.0000000000001
524.6
479.9999999999999
534.5999999999998
531.3999999999999
526.5999999999998
539.3999999999999
531.2
526.8
529.2
528.8
484.1999999999999
509.39999999999986
506.19999999999993
501.39999999999986
514.1999999999999
506.0000000000001
501.6
504.0000000000001
503.6
458.9999999999999
555.5999999999998
552.3999999999999
547.5999999999998
560.3999999999999
552.2
547.8
550.2
549.8
505.1999999999999
505.1999999999999
505.1999999999999
505.1999999999999
507.79999999999995
508.19999999999993
505.79999999999995
510.19999999999993
512.8
512.8
512.8
512.8
520.3999999999999
524.7999999999997
512.3999999999999
524.7999999999997
512.8
512.8
512.8
512.8
525.5999999999999
525.5999999999999
525.5999999999999
525.5999999999999
509.39999999999986
555.5999999999998
530.3999999999999
534.5999999999998
531.5999999999999
527.2
508.59999999999997
550.2
658.3999999999996
655.1999999999998
650.3999999999996
663.1999999999998
664.9999999999998
660.5999999999997
662.9999999999998
662.5999999999997
603.3999999999999
603.3999999999999
603.3999999999999
603.3999999999999
652.1999999999996
652.5999999999997
650.1999999999996
654.5999999999997
619.5999999999998
619.5999999999998
619.5999999999998
619.5999999999998
669.1999999999999
669.1999999999999
669.1999999999999
669.1999999999999
620.3999999999997
620.3999999999997
620.3999999999997
620.3999999999997
608.7999999999998
608.7999999999998
608.7999999999998
608.7999999999998
598.7999999999998
602.9999999999999
577.7999999999998
623.9999999999999
658.3999999999996
658.3999999999996
658.3999999999996
658.3999999999996
704.5999999999997
701.3999999999999
696.5999999999997
709.3999999999999
711.1999999999998
706.7999999999997
709.1999999999998
708.7999999999997
649.5999999999998
649.5999999999998
649.5999999999998
649.5999999999998
698.3999999999996
698.7999999999997
696.3999999999996
700.7999999999997
665.7999999999997
665.7999999999997
665.7999999999997
665.7999999999997
715.3999999999999
715.3999999999999
715.3999999999999
715.3999999999999
666.5999999999997
666.5999999999997
666.5999999999997
666.5999999999997
654.9999999999998
654.9999999999998
654.9999999999998
654.9999999999998
644.9999999999999
649.1999999999998
623.9999999999999
670.1999999999998
704.5999999999997
704.5999999999997
704.5999999999997
704.5999999999997
679.3999999999996
676.1999999999998
671.3999999999996
684.1999999999998
685.9999999999998
681.5999999999997
683.9999999999998
683.5999999999997
624.3999999999999
624.3999999999999
624.3999999999999
624.3999999999999
673.1999999999996
673.5999999999997
671.1999999999996
675.5999999999997
640.5999999999998
640.5999999999998
640.5999999999998
640.5999999999998
690.1999999999999
690.1999999999999
690.1999999999999
690.1999999999999
641.3999999999997
641.3999999999997
641.3999999999997
641.3999999999997
629.7999999999998
629.7999999999998
629.7999999999998
629.7999999999998
619.7999999999998
683.5999999999997
680.3999999999999
675.5999999999997
688.3999999999999
690.1999999999998
685.7999999999997
688.1999999999998
687.7999999999997
628.5999999999998
628.5999999999998
628.5999999999998
628.5999999999998
677.3999999999996
677.7999999999997
675.3999999999996
679.7999999999997
644.7999999999997
644.7999999999997
644.7999999999997
644.7999999999997
694.3999999999999
694.3999999999999
694.3999999999999
694.3999999999999
645.5999999999997
645.5999999999997
645.5999999999997
645.5999999999997
633.9999999999998
633.9999999999998
633.9999999999998
633.9999999999998
623.9999999999999