22589
271.0

31.10000000000003
4.100000000000037
4.10000000000003
31.100000000000037
-18.59999999999998
156.70000000000002
69.40000000000003
36.7
-33.5
115.69999999999997
35.400000000000034
31.70000000000003
271.0
-73.6
69.00000000000001
76.40000000000003
121.79999999999995
-33.5
31.70000000000003
41.500000000000014
-73.6
204.70000000000002
76.40000000000003
14.000000000000021
-33.5
60.70000000000003
35.400000000000034
-23.29999999999999
161.0
-46.59999999999999
-13.999999999999993
76.40000000000003
60.70000000000003
-6.5
18.80000000000001
35.400000000000034
8.400000000000027
101.70000000000002
69.40000000000003
33.700000000000024
4.100000000000037
31.100000000000023
31.100000000000037
4.10000000000003
31.10000000000003
4.100000000000037
4.100000000000037
31.100000000000037
63.40000000000002
12.700000000000031
42.400000000000034
33.70000000000003
-0.899999999999963
107.70000000000002
26.70000000000003
41.50000000000001
14.500000000000014
14.500000000000007
41.500000000000014
76.40000000000002
21.40000000000002
76.40000000000003
21.400000000000016
41.500000000000014
-13.500000000000004
34.40000000000002
-13.5
10.100000000000012
-8.199999999999982
-37.89999999999999
34.40000000000002
27.400000000000027
14.500000000000014
14.500000000000007
34.40000000000002
-2.899999999999988
101.70000000000002
76.40000000000003
8.700000000000024
-33.5
66.80000000000001
41.500000000000014
-8.20000000000001
165.3
-46.59999999999999
34.000000000000014
76.40000000000003
66.80000000000001
-6.5
18.80000000000001
41.500000000000014
5.700000000000031
101.70000000000002
76.40000000000003
33.700000000000024
14.500000000000014
41.5
41.500000000000014
14.500000000000007
59.69999999999997
18.799999999999997
99.10000000000001
-2.1999999999999886
73.8
78.09999999999997
52.80000000000001
99.10000000000001
-55.6
201.89999999999998
168.9
41.50000000000001
14.500000000000014
14.500000000000007
41.500000000000014
5.700000000000031
101.70000000000002
76.40000000000003
33.7
-6.5000000000000036
66.80000000000001
41.500000000000014
18.80000000000001
165.3
-46.59999999999999
34.00000000000003
76.40000000000003
66.80000000000001
-33.5
-8.20000000000001
41.500000000000014
-2.8999999999999844
101.70000000000002
76.40000000000003
8.700000000000017
14.500000000000014
27.40000000000002
34.40000000000002
14.500000000000007
120.1
-35.19999999999998
20.100000000000037
34.40000000000002
-13.500000000000004
41.500000000000014
-13.5
34.40000000000002
76.4
21.40000000000002
76.40000000000003
21.400000000000006
14.500000000000014
41.5
41.500000000000014
14.500000000000007
78.09999999999995
73.79999999999998
99.10000000000001
52.80000000000001
18.799999999999997
59.699999999999974
-2.199999999999992
99.10000000000001
-55.6
201.89999999999998
168.9

10036
151.4

86.70000000000005
65.40000000000002
63.70000000000003
61.40000000000001
-13.5
-17.800000000000004
7.499999999999993
-38.80000000000001
100.8
18.80000000000001
73.8
45.80000000000001
18.80000000000001
100.8
45.80000000000001
73.79999999999998
120.1
-30.899999999999984
-0.8999999999999844
62.400000000000034
41.50000000000001
14.500000000000014
14.500000000000014
41.500000000000014
-27.599999999999966
100.80000000000001
100.8
22.40000000000002
14.500000000000014
41.50000000000001
41.500000000000014
14.500000000000014
23.10000000000001
73.79999999999998
44.10000000000001
41.40000000000002
14.500000000000014
41.50000000000001
41.500000000000014
14.500000000000014
6.100000000000016
107.70000000000003
26.70000000000003
86.70000000000005
10.40000000000002
63.70000000000003
6.400000000000027
-13.5
-17.800000000000004
7.499999999999993
-38.80000000000001
31.10000000000003
4.100000000000037
4.10000000000003
31.100000000000037
-33.5
66.80000000000001
41.500000000000014
-23.29999999999999
151.4
-46.59999999999999
-13.999999999999993
76.40000000000003
60.70000000000003
-6.5
18.80000000000001
35.400000000000034
8.400000000000027
101.70000000000002
69.40000000000003
33.700000000000024
4.100000000000037
31.100000000000023
31.100000000000037
4.10000000000003
-6.5000000000000036
60.70000000000003
35.400000000000034
18.80000000000001
121.79999999999995
-33.5
31.70000000000003
41.500000000000014
-46.59999999999999
41.000000000000014
76.40000000000003

9398
271.0

57.10000000000002
23.10000000000001
41.500000000000014
-24.89999999999999
51.40000000000002
-38.80000000000001
-26.59999999999998
39.800000000000026
-15.200000000000006
28.40000000000002
100.8
18.80000000000001
73.8
45.80000000000001
18.80000000000001
100.8
45.80000000000001
73.79999999999998
41.50000000000001
14.500000000000014
14.500000000000014
41.500000000000014
-27.599999999999966
100.80000000000001
100.8
22.40000000000002
14.500000000000014
41.50000000000001
41.500000000000014
14.500000000000014
2.100000000000037
-3.8999999999999986
-29.200000000000003
71.10000000000001
73.8
78.09999999999997
41.40000000000002
99.10000000000001
-16.599999999999977
141.70000000000005
59.00000000000004
30.100000000000023
-14.299999999999972
-6.5000000000000036
55.40000000000003
55.40000000000003
-6.500000000000011
124.4
24.100000000000012
24.40000000000002
87.7
35.400000000000034
4.100000000000037
28.700000000000028
10.100000000000037
8.40000000000002
179.3
48.400000000000034
114.00000000000001
-6.5000000000000036
115.69999999999997
35.400000000000034
73.80000000000001
271.0
-46.59999999999999
96.00000000000001
76.40000000000003
121.79999999999995
-33.5
31.70000000000003
41.500000000000014
4.100000000000037
31.100000000000023
31.100000000000037
4.10000000000003
-33.5
66.80000000000001
41.500000000000014
-23.29999999999999
60.70000000000003
-6.5
18.80000000000001
35.400000000000034
-46.59999999999999
-13.999999999999993
76.40000000000003

7742
141.00000000000003

14.500000000000014
41.50000000000001
41.500000000000014
14.500000000000007
-41.59999999999998
82.4
27.400000000000006
50.000000000000014
100.8
18.80000000000001
73.8
45.80000000000001
18.80000000000001
100.8
45.80000000000001
73.79999999999998
41.50000000000001
14.500000000000014
14.500000000000014
41.500000000000014
-27.599999999999966
100.80000000000001
100.8
22.40000000000002
14.500000000000014
41.50000000000001
41.500000000000014
14.500000000000014
-17.800000000000004
41.500000000000014
-38.80000000000001
62.500000000000014
103.40000000000003
34.40000000000002
94.69999999999999
30.100000000000023
-3.899999999999995
-41.59999999999998
82.4
27.400000000000006
61.400000000000006
-6.5000000000000036
55.40000000000003
55.40000000000003
-6.500000000000011
124.4
24.100000000000012
24.40000000000002
87.7
45.80000000000001
14.500000000000014
28.700000000000028
20.500000000000014
14.500000000000014
41.5
41.500000000000014
14.500000000000007
-17.800000000000004
41.500000000000014
-38.80000000000001
62.500000000000014
-6.5000000000000036
121.79999999999995
41.500000000000014
73.80000000000001
121.79999999999995
-33.5
46.80000000000001
41.500000000000014
-46.59999999999999
138.4
76.40000000000003