13961
75.40000000000002

240.89999999999995
100.70000000000002
267.9
52.70000000000003
96.40000000000002
94.80000000000004
69.40000000000002
66.80000000000001
45.80000000000002
50.100000000000016
37.100000000000016
69.10000000000002
44.100000000000016
41.80000000000002
67.10000000000002
45.80000000000002
39.80000000000002
39.80000000000002
39.80000000000002
39.80000000000002
39.80000000000002
39.80000000000002
39.80000000000002
39.80000000000002
39.80000000000002
39.80000000000002
39.80000000000002
39.80000000000002
39.80000000000002
39.80000000000002
39.80000000000002
39.80000000000002
39.80000000000002
39.80000000000002
39.80000000000002
39.80000000000002
44.10000000000002
44.10000000000002
44.10000000000002
44.10000000000002
52.70000000000003
80.70000000000003
79.70000000000003
107.70000000000002
52.700000000000024
76.40000000000002
46.70000000000002
82.40000000000002
39.80000000000002
48.40000000000002
45.80000000000001
90.4
100.70000000000002
130.4
92.10000000000001
130.4
96.4
96.40000000000002
96.4
96.40000000000002
41.40000000000001
41.10000000000001
41.40000000000001
37.100000000000016
267.9
79.70000000000002
267.9
100.70000000000002
96.40000000000002
121.80000000000004
96.40000000000002
121.80000000000004
45.80000000000002
71.10000000000002
45.80000000000002
50.100000000000016
71.10000000000002
45.80000000000002
71.10000000000002
45.80000000000002
66.80000000000001
66.80000000000001
66.80000000000001
66.80000000000001
66.80000000000001
66.80000000000001
66.80000000000001
66.80000000000001
66.80000000000001
66.80000000000001
66.80000000000001
66.80000000000001
66.80000000000001
66.80000000000001
66.80000000000001
66.80000000000001
66.80000000000001
66.80000000000001
66.80000000000001
66.80000000000001
71.10000000000002
71.10000000000002
71.10000000000002
71.10000000000002
79.70000000000003
134.70000000000002
79.70000000000003
134.70000000000002
100.70000000000003
82.40000000000002
52.700000000000024
130.4
45.80000000000001
96.4
45.80000000000002
96.40000000000002
65.10000000000002
130.40000000000003
100.70000000000002
103.4
66.80000000000003
69.40000000000002
69.39999999999999
96.40000000000002
41.40000000000001
71.10000000000002
66.70000000000002
71.10000000000002
66.70000000000002
62.40000000000001
66.80000000000003
41.400000000000006
45.70000000000002
71.10000000000002
45.70000000000001
45.70000000000001
214.89999999999995
100.70000000000002
212.89999999999995
94.10000000000002
130.4
22.40000000000002
100.70000000000002
134.70000000000002
58.70000000000002
155.70000000000005
45.700000000000024
212.89999999999995
71.10000000000002
191.89999999999995
100.70000000000002
130.40000000000003
37.10000000000001
81.70000000000002
155.70000000000002
100.70000000000002
157.70000000000002
45.70000000000002
100.70000000000002
100.7
100.70000000000002
100.7
71.10000000000002
41.40000000000002
89.80000000000003
100.70000000000002
66.80000000000001
123.70000000000002
41.40000000000002
123.70000000000002
100.7
100.70000000000002
115.10000000000002
94.10000000000002
41.40000000000001
66.80000000000003
79.70000000000002
66.80000000000003
100.70000000000002
41.40000000000001
50.10000000000002
45.70000000000002
54.40000000000002
45.40000000000001
41.40000000000002
75.40000000000002
41.40000000000002
75.40000000000002
43.40000000000001
50.10000000000002
41.40000000000002
75.40000000000002
41.40000000000002
50.10000000000002
43.40000000000002
71.10000000000002
41.40000000000002
92.10000000000002
41.40000000000002
71.10000000000002
41.40000000000002
71.10000000000002
41.40000000000002
92.10000000000002
41.40000000000002
71.10000000000002
41.40000000000002
71.10000000000002
41.40000000000002
71.10000000000002
41.40000000000002
71.10000000000002
41.40000000000002
71.10000000000002
41.40000000000002
71.10000000000002
41.40000000000002
71.10000000000002
41.40000000000002
71.10000000000002
41.40000000000002
71.10000000000002
41.40000000000002
71.10000000000002
41.40000000000002
71.10000000000002
41.40000000000002
71.10000000000002
41.40000000000002
71.10000000000002
41.40000000000002
71.10000000000002
41.40000000000002
71.10000000000002
41.40000000000002
71.10000000000002
47.70000000000002
71.10000000000002
32.8
87.80000000000003
87.80000000000003
87.80000000000001
87.80000000000001
83.50000000000003
87.80000000000003
62.500000000000014
87.80000000000001
62.50000000000002
62.50000000000002
62.50000000000002
62.50000000000002
62.50000000000002
62.50000000000002
62.50000000000002
62.50000000000002
62.50000000000002
62.50000000000002
62.50000000000002
62.50000000000002
62.50000000000002
62.50000000000002
62.50000000000002
62.50000000000002
62.50000000000002
62.50000000000002
62.50000000000002
62.50000000000002
62.50000000000002
62.50000000000002
62.50000000000002
62.50000000000002
62.50000000000002
62.50000000000002
62.50000000000002
62.50000000000002
62.50000000000002
62.50000000000002
62.50000000000002
62.50000000000002
62.50000000000002
62.50000000000002
62.50000000000002
62.50000000000002
105.00000000000003
79.70000000000003
78.00000000000003
79.70000000000002
66.80000000000003
41.40000000000001
73.00000000000003
32.800000000000004
87.80000000000003
87.80000000000003
87.80000000000001
87.80000000000001
83.50000000000003
87.80000000000003
62.500000000000014
87.80000000000001
83.50000000000003
83.50000000000003
83.50000000000003
83.50000000000003
83.50000000000003
83.50000000000003
83.50000000000003
83.50000000000003
83.50000000000003
83.50000000000003
83.50000000000003
83.50000000000003
83.50000000000003
83.50000000000003
83.50000000000003
83.50000000000003
83.50000000000003
83.50000000000003
83.50000000000003
83.50000000000003
83.50000000000003
83.50000000000003
83.50000000000003
83.50000000000003
83.50000000000003
83.50000000000003
83.50000000000003
83.50000000000003
83.50000000000003
83.50000000000003
83.50000000000003
83.50000000000003
83.50000000000003
83.50000000000003
83.50000000000003
83.50000000000003
84.00000000000003
79.70000000000003
105.00000000000003
121.70000000000002
87.80000000000003
20.400000000000006
82.40000000000002
155.70000000000002
100.70000000000002
101.70000000000002
121.80000000000001
92.10000000000002
52.800000000000026
58.100000000000016
62.50000000000002
62.50000000000002
62.50000000000002
62.50000000000002
62.50000000000002
62.50000000000002
62.50000000000002
62.50000000000002
62.50000000000002
79.10000000000002
53.80000000000002
58.100000000000016
79.10000000000002
62.50000000000002
58.100000000000016
53.80000000000002
53.80000000000002
53.80000000000002
53.80000000000002
53.80000000000002
53.80000000000002
53.80000000000002
53.80000000000002
53.80000000000002
53.80000000000002
53.80000000000002
53.80000000000002
53.80000000000002
53.80000000000002
53.80000000000002
53.80000000000002
53.80000000000002
53.80000000000002
53.80000000000002
53.80000000000002
53.80000000000002
71.10000000000002
86.10000000000004
86.10000000000002
71.10000000000002
76.40000000000002
100.70000000000002
82.4
63.400000000000034
69.40000000000003
58.10000000000002
96.40000000000003
48.40000000000002
130.4
100.7
130.4
100.70000000000002
96.4
96.4
96.4
96.4
41.10000000000001
130.4
155.70000000000002
130.40000000000003
155.7
100.80000000000001
113.10000000000002
100.80000000000001
113.10000000000002
121.80000000000001
121.80000000000001
121.80000000000001
121.80000000000001
121.80000000000001
121.80000000000001
121.80000000000001
121.80000000000001
121.80000000000001
121.80000000000001
121.80000000000001
121.80000000000001
121.80000000000001
121.80000000000001
121.80000000000001
121.80000000000001
121.80000000000001
121.80000000000001
121.80000000000001
121.80000000000001
121.80000000000001
121.80000000000001
121.80000000000001
121.80000000000001
121.80000000000001
121.80000000000001
121.80000000000001
121.80000000000001
121.80000000000001
121.80000000000001
121.80000000000001
121.80000000000001
121.80000000000001
121.80000000000001
121.80000000000001
121.80000000000001
92.10000000000002
92.10000000000002
92.10000000000002
92.10000000000002
130.4
100.70000000000002
109.40000000000002
100.70000000000002
96.40000000000003
75.40000000000002
96.40000000000003
75.40000000000002
130.4
100.70000000000002
130.4
79.7
96.4
75.4
96.40000000000003
92.10000000000002
100.70000000000003
71.10000000000002
130.4
84.00000000000003
109.40000000000002
100.70000000000002
75.40000000000002
117.40000000000003
71.10000000000002
82.40000000000002
100.70000000000003
130.4
84.00000000000003
96.40000000000002
102.70000000000002
77.4
87.80000000000001
28.5

25859
130.4

213.89999999999995
155.70000000000002
267.9
101.70000000000002
126.10000000000001
154.10000000000002
103.4
121.80000000000004
121.80000000000001
121.80000000000001
121.80000000000001
121.80000000000001
121.80000000000001
132.59999999999994
100.8
153.59999999999997
126.10000000000001
147.1
126.10000000000001
120.10000000000002
126.10000000000001
126.10000000000001
126.10000000000001
126.10000000000001
130.4
130.4
130.4
130.4
126.10000000000001
126.10000000000001
126.10000000000001
126.10000000000001
126.10000000000002
126.10000000000004
126.10000000000002
126.10000000000004
131.4
107.70000000000002
110.40000000000002
101.70000000000002
126.10000000000004
107.70000000000002
109.40000000000003
155.70000000000002
128.70000000000002
107.70000000000003
107.70000000000002
101.70000000000003
151.4
105.40000000000002
105.4
151.4
210.70000000000002
213.9
210.7
267.9
151.4
206.4
151.4
158.4
147.1
147.1
147.1
147.1
147.1
151.4
126.1
172.4
151.4
151.4
151.4
151.4
151.4
151.4
151.4
151.4
155.70000000000002
155.70000000000002
155.7
155.70000000000002
151.4
151.4
151.4
151.4
100.70000000000002
267.9
155.7
267.9
155.70000000000002
151.4
151.40000000000003
151.4
151.40000000000003
121.80000000000001
121.80000000000001
121.80000000000001
121.80000000000001
121.80000000000001
132.59999999999997
100.80000000000001
153.59999999999994
126.10000000000002
147.1
126.10000000000002
147.1
126.10000000000002
126.10000000000002
126.10000000000002
126.10000000000002
130.40000000000003
130.40000000000003
130.40000000000003
130.40000000000003
126.10000000000002
126.10000000000002
126.10000000000002
126.10000000000002
126.10000000000002
105.40000000000003
105.40000000000003
126.10000000000004
110.40000000000003
155.70000000000002
185.40000000000003
107.70000000000002
105.10000000000004
155.70000000000002
126.10000000000004
134.70000000000002
105.0
107.70000000000003
107.70000000000002
155.70000000000005
130.4
103.40000000000002
103.4
130.4
156.70000000000002
267.9
210.70000000000002
213.89999999999998
151.4
179.4
124.39999999999999
206.4
147.1
147.1
147.1
147.1
147.1
151.4
126.1
172.4
151.4
151.4
151.4
151.4
151.4
151.4
151.4
151.4
155.70000000000002
155.70000000000002
155.7
155.70000000000002
151.4
151.4
151.4
151.4
102.70000000000002
126.10000000000004
100.70000000000002
126.10000000000002
126.10000000000002
126.10000000000002
126.10000000000002
121.80000000000001
130.40000000000003
79.80000000000003
126.10000000000002
181.10000000000002
126.10000000000002
181.10000000000002
181.10000000000002
126.10000000000002
181.10000000000002
126.10000000000002
126.10000000000002
128.60000000000002
126.10000000000002
153.59999999999994
112.00000000000003
134.70000000000002
160.00000000000003
86.70000000000002
126.10000000000002
126.10000000000002
126.10000000000002
126.10000000000002
100.80000000000001
126.10000000000002
128.10000000000002
126.10000000000002
154.10000000000002
147.00000000000006
105.10000000000002
133.10000000000002
120.10000000000002
126.10000000000002
105.60000000000002
126.10000000000002
153.59999999999994
112.00000000000003
107.70000000000002
117.40000000000003
86.70000000000002
242.19999999999996
215.0
217.19999999999993
240.0
134.70000000000002
130.40000000000003
159.7
130.40000000000003
126.10000000000002
130.4
105.10000000000002
125.70000000000002
126.10000000000001
126.10000000000001
126.10000000000001
125.70000000000002
126.10000000000001
126.10000000000001
126.10000000000001
126.10000000000001
130.4
130.4
130.4
130.4
126.10000000000001
126.10000000000001
126.10000000000001
126.10000000000001
100.40000000000002
160.0
196.2
139.0
217.2
130.40000000000003
134.70000000000002
130.40000000000003
134.70000000000002
126.10000000000002
130.4
105.10000000000002
151.4
126.10000000000001
126.10000000000001
126.10000000000001
126.10000000000001
126.10000000000001
126.10000000000001
126.10000000000001
126.10000000000001
130.4
130.4
130.4
130.4
126.10000000000001
126.10000000000001
126.10000000000001
126.10000000000001
75.40000000000002
217.19999999999993
194.0
196.19999999999993
215.0
134.70000000000002
130.40000000000003
134.70000000000002
130.40000000000003
126.10000000000002
130.4
105.10000000000002
151.4
126.10000000000001
126.10000000000001
126.10000000000001
126.10000000000001
126.10000000000001
126.10000000000001
126.10000000000001
126.10000000000001
130.4
130.4
130.4
130.4
126.10000000000001
126.10000000000001
126.10000000000001
126.10000000000001
75.40000000000002
185.0
217.2
160.0
242.2
130.40000000000003
134.70000000000002
130.40000000000003
134.70000000000002
126.10000000000002
130.4
105.10000000000002
151.4
126.10000000000001
126.10000000000001
126.10000000000001
126.10000000000001
126.10000000000001
126.10000000000001
126.10000000000001
126.10000000000001
130.4
130.4
130.4
130.4
126.10000000000001
126.10000000000001
126.10000000000001
126.10000000000001
100.40000000000002
160.0
160.0
160.0
160.0
130.40000000000003
130.40000000000003
130.40000000000003
130.40000000000003
126.10000000000002
126.10000000000002
126.10000000000002
126.10000000000002
130.4
130.4
130.4
130.4
126.10000000000002
126.10000000000002
126.10000000000002
126.10000000000002
126.10000000000002
126.10000000000002
126.10000000000002
126.10000000000002
130.4
130.4
130.4
130.4
126.10000000000002
126.10000000000002
126.10000000000002
126.10000000000002
75.40000000000002
132.4
140.00000000000003
109.40000000000002
238.0
130.4
128.1
123.70000000000002
105.10000000000002
126.10000000000001
126.10000000000001
126.10000000000001
126.10000000000001
130.4
130.4
130.4
130.4
126.10000000000001
126.10000000000001
126.10000000000001
126.10000000000001
126.10000000000001
126.10000000000001
126.10000000000001
126.10000000000001
130.4
130.4
130.4
130.4
126.10000000000001
126.10000000000001
126.10000000000001
126.10000000000001
75.40000000000002
183.0
160.0
160.0
183.0
130.40000000000003
153.4
153.4
130.40000000000003
126.10000000000002
126.10000000000002
126.10000000000002
126.10000000000002
130.4
130.4
130.4
130.4
126.10000000000002
126.10000000000002
126.10000000000002
126.10000000000002
126.10000000000002
126.10000000000002
126.10000000000002
126.10000000000002
130.4
130.4
130.4
130.4
126.10000000000002
126.10000000000002
126.10000000000002
126.10000000000002
98.40000000000002
109.4
167.0
109.40000000000002
215.0
130.4
105.10000000000002
130.4
105.10000000000002
126.10000000000001
126.10000000000001
126.10000000000001
126.10000000000001
130.4
130.4
130.4
130.4
126.10000000000001
126.10000000000001
126.10000000000001
126.10000000000001
126.10000000000001
126.10000000000001
126.10000000000001
126.10000000000001
130.4
130.4
130.4
130.4
126.10000000000001
126.10000000000001
126.10000000000001
126.10000000000001
75.40000000000002
130.4
155.70000000000002
130.40000000000003
155.7
105.10000000000002
151.4
126.10000000000001
130.40000000000003
105.70000000000002
126.10000000000001
155.70000000000002
105.10000000000002
155.7
134.70000000000002
134.70000000000002
134.70000000000002
126.10000000000001
126.10000000000001
126.10000000000001
126.10000000000001
130.4
130.4
130.4
130.4
126.10000000000001
126.10000000000001
126.10000000000001
126.10000000000001
92.10000000000002
130.4
155.70000000000002
130.40000000000003
155.7
100.80000000000001
130.4
155.70000000000002
130.40000000000003
155.7
126.10000000000002
130.4
105.10000000000002
124.40000000000002
180.7
105.10000000000002
134.70000000000002
126.10000000000001
155.7
123.70000000000003
178.7
134.70000000000002
126.10000000000001
126.10000000000001
126.10000000000001
126.10000000000001
130.4
130.4
130.4
130.4
126.10000000000001
126.10000000000001
126.10000000000001
126.10000000000001
92.10000000000002
130.4
155.70000000000002
130.40000000000003
155.7
79.80000000000003
130.4
155.70000000000002
130.40000000000003
155.7
100.80000000000001
136.89999999999995
155.70000000000002
136.89999999999998
155.7
160.10000000000002
151.4
181.10000000000002
130.40000000000003
130.40000000000003
126.10000000000002
130.40000000000003
126.10000000000002
126.10000000000002
126.10000000000002
126.10000000000002
126.10000000000002
130.4
134.70000000000002
109.40000000000002
155.70000000000002
126.10000000000001
130.4
105.10000000000001
151.4
134.70000000000002
134.70000000000002
134.70000000000002
134.70000000000002
126.10000000000001
130.4
105.10000000000002
151.4
134.70000000000002
130.4
155.70000000000002
109.4
126.10000000000001
126.10000000000001
126.10000000000001
126.10000000000001
92.10000000000002
130.4
155.70000000000002
130.40000000000003
155.7
79.80000000000003
136.89999999999998
155.70000000000002
159.89999999999992
155.7
154.10000000000002
130.40000000000003
160.10000000000002
151.40000000000003
155.40000000000003
126.10000000000002
130.40000000000003
126.10000000000002
126.10000000000002
126.10000000000002
126.10000000000002
126.10000000000002
130.4
134.70000000000002
109.40000000000002
155.70000000000002
126.10000000000001
130.4
105.10000000000002
151.4
113.70000000000002
155.70000000000002
155.70000000000002
113.70000000000002
105.10000000000002
151.4
126.10000000000001
130.4
155.70000000000002
109.4
134.70000000000002
130.4
126.10000000000001
126.10000000000001
126.10000000000001
126.10000000000001
92.10000000000002
130.4
155.70000000000002
130.40000000000003
155.7
100.80000000000001
151.39999999999998
155.70000000000002
151.39999999999998
155.7
100.80000000000001
130.4
155.70000000000002
130.40000000000003
155.7
100.80000000000001
130.40000000000003
155.70000000000002
151.39999999999998
155.7
100.80000000000001
130.4
155.70000000000002
130.40000000000003
155.7
100.80000000000001
130.4
155.70000000000002
130.40000000000003
155.7
100.80000000000001
130.4
155.70000000000002
130.40000000000003
155.7
100.80000000000001
130.4
155.70000000000002
130.40000000000003
155.7
100.80000000000001
130.4
155.70000000000002
130.40000000000003
155.7
100.80000000000001
130.4
155.70000000000002
130.40000000000003
155.7
100.80000000000001
130.40000000000003
155.70000000000002
130.40000000000003
155.7
100.80000000000001
130.4
155.70000000000002
130.40000000000003
155.7
100.80000000000001
130.4
155.70000000000002
130.40000000000003
155.7
100.80000000000001
130.4
155.70000000000002
130.40000000000003
155.7
100.80000000000001
130.4
155.70000000000002
130.40000000000003
155.7
100.80000000000001
130.4
155.70000000000002
130.40000000000003
155.7
100.80000000000001
157.70000000000005
105.00000000000001
130.40000000000003
105.00000000000001
50.10000000000001
92.10000000000002
134.70000000000005
80.00000000000003
102.70000000000002
92.10000000000002
295.3999999999999
272.69999999999993
247.39999999999992
320.69999999999993
238.79999999999995
316.3999999999999
265.79999999999995
289.3999999999999
286.79999999999995
286.79999999999995
286.79999999999995
286.79999999999995
286.79999999999995
286.79999999999995
286.79999999999995
286.79999999999995
286.79999999999995
286.79999999999995
286.79999999999995
286.79999999999995
286.79999999999995
291.0999999999999
265.79999999999995
312.0999999999999
291.0999999999999
291.0999999999999
291.0999999999999
291.0999999999999
291.0999999999999
291.0999999999999
291.0999999999999
291.0999999999999
295.3999999999999
295.3999999999999
295.3999999999999
295.3999999999999
291.0999999999999
291.0999999999999
291.0999999999999
291.0999999999999
157.89999999999995
157.89999999999995
130.40000000000003
130.4
157.89999999999995
157.89999999999995
162.70000000000005
130.4
247.39999999999998
320.69999999999993
295.3999999999999
272.7
265.79999999999995
316.3999999999999
265.79999999999995
316.3999999999999
286.79999999999995
286.79999999999995
286.79999999999995
286.79999999999995
286.79999999999995
286.79999999999995
286.79999999999995
286.79999999999995
286.79999999999995
286.79999999999995
286.79999999999995
286.79999999999995
286.79999999999995
291.0999999999999
265.79999999999995
312.0999999999999
291.0999999999999
291.0999999999999
291.0999999999999
291.0999999999999
291.0999999999999
291.0999999999999
291.0999999999999
291.0999999999999
295.3999999999999
295.3999999999999
295.3999999999999
295.3999999999999
291.0999999999999
291.0999999999999
291.0999999999999
291.0999999999999
130.89999999999995
157.89999999999995
76.40000000000002
210.70000000000005
82.40000000000002
92.10000000000002
139.00000000000003
105.00000000000001
71.10000000000002
160.00000000000003
84.00000000000001

6370
99.10000000000001

213.89999999999995
185.40000000000003
267.9
131.40000000000003
181.10000000000002
154.10000000000002
154.10000000000002
181.10000000000002
121.80000000000001
121.80000000000001
121.80000000000001
121.80000000000001
121.80000000000001
132.59999999999994
100.80000000000001
153.59999999999997
126.10000000000002
147.1
126.10000000000002
120.10000000000002
126.10000000000002
126.10000000000002
126.10000000000002
126.10000000000002
130.4
130.40000000000003
130.4
130.40000000000003
126.10000000000002
126.10000000000002
126.10000000000002
126.10000000000002
105.00000000000003
85.00000000000001
85.00000000000001
127.00000000000003
126.10000000000004
96.40000000000002
126.10000000000004
96.40000000000002
126.00000000000001
131.40000000000003
105.00000000000001
131.4
75.40000000000002
126.10000000000004
75.40000000000002
126.10000000000004
213.9
130.40000000000003
267.9
96.40000000000002
267.9
213.89999999999998
126.10000000000002
99.10000000000001
149.89999999999998
99.60000000000002
124.89999999999998
124.60000000000002
99.60000000000002
181.89999999999995
101.60000000000001
179.89999999999998
99.60000000000002
99.60000000000002
99.60000000000002
99.60000000000002
99.60000000000002
99.60000000000002
99.60000000000002
99.60000000000002
103.90000000000002
103.90000000000002
103.90000000000002
103.90000000000002
99.60000000000002
99.60000000000002
99.60000000000002
99.60000000000002
154.50000000000006
142.2
112.49999999999997
184.2
154.60000000000002
99.60000000000002
154.60000000000002
99.60000000000002
103.90000000000002
213.90000000000003
103.90000000000002
213.90000000000003
99.60000000000002
154.60000000000002
99.60000000000002
154.60000000000002
126.10000000000002
126.10000000000002
126.10000000000002
126.10000000000002
121.80000000000001
130.40000000000003
79.80000000000003
130.29999999999998
181.00000000000003
130.29999999999998
181.00000000000003
181.00000000000003
126.10000000000002
181.00000000000003
126.10000000000002
126.10000000000002
128.60000000000002
126.10000000000002
153.59999999999994
148.60000000000002
134.70000000000002
181.00000000000003
38.70000000000002
126.10000000000002
126.10000000000002
126.10000000000002
126.10000000000002
100.80000000000001
126.00000000000001
100.80000000000001
126.00000000000001
126.10000000000002
126.10000000000002
126.10000000000002
126.10000000000002
130.3
181.00000000000003
130.3
181.00000000000003
202.00000000000003
105.10000000000002
160.00000000000003
147.0
126.00000000000001
105.60000000000002
126.00000000000001
153.59999999999994
242.19999999999996
134.70000000000002
147.5
38.70000000000002
217.19999999999993
159.70000000000005
134.70000000000002
140.00000000000003
59.70000000000002
132.40000000000003
157.70000000000005
109.40000000000002
130.40000000000003
192.79999999999998
55.40000000000002
130.40000000000003
192.5
55.40000000000002
130.40000000000003
140.8
55.40000000000002
130.40000000000003
167.5
55.40000000000002
130.40000000000003
190.5
55.40000000000002
136.89999999999995
170.49999999999994
61.89999999999996
130.40000000000003
167.5
55.40000000000002
136.89999999999998
170.49999999999994
84.89999999999993
130.40000000000003
163.20000000000002
55.40000000000002
151.39999999999998
163.20000000000002
76.39999999999999
130.40000000000003
163.20000000000002
55.40000000000002
130.40000000000003
163.20000000000002
55.40000000000002
130.40000000000003
163.20000000000002
55.40000000000002
130.40000000000003
163.20000000000002
55.40000000000002
130.40000000000003
163.20000000000002
55.40000000000002
130.40000000000003
163.20000000000002
55.40000000000002
130.40000000000003
163.20000000000002
55.40000000000002
130.40000000000003
163.20000000000002
55.40000000000002
130.40000000000003
163.20000000000002
55.40000000000002
130.40000000000003
163.20000000000002
55.40000000000002
130.40000000000003
163.20000000000002
55.40000000000002
130.40000000000003
163.20000000000002
55.40000000000002
130.40000000000003
163.20000000000002
55.40000000000002
130.40000000000003
163.20000000000002
55.40000000000002
92.10000000000002
100.70000000000002
111.20000000000003
4.700000000000017
92.10000000000002
100.70000000000002
111.20000000000003
4.700000000000017
126.00000000000001
163.20000000000002
30.000000000000014
130.4
163.20000000000002
55.400000000000006
105.00000000000001
111.20000000000003
9.000000000000014
130.40000000000003
163.20000000000002
55.40000000000002
79.70000000000002
92.10000000000002
79.70000000000002
92.10000000000002

16930
119.00000000000001

253.79999999999998
188.3
249.79999999999998
189.70000000000002
197.60000000000002
196.60000000000002
251.60000000000002
187.89999999999998
162.70000000000002
166.30000000000004
163.3
95.30000000000004
105.00000000000003
112.00000000000001
99.00000000000001
118.00000000000001
116.30000000000001
105.00000000000003
143.3
96.40000000000003
96.40000000000002
96.40000000000002
96.40000000000002
96.40000000000002
111.30000000000004
68.30000000000004
93.60000000000002
131.3
71.1
69.4
102.70000000000002
71.10000000000002
105.10000000000004
69.4
105.10000000000004
69.4
73.70000000000002
164.40000000000003
73.70000000000002
164.40000000000003
69.4
105.10000000000004
69.4
105.10000000000004
198.19999999999996
183.70000000000002
206.6
191.60000000000002
137.3
164.3
164.3
187.89999999999998
130.40000000000003
139.3
116.20000000000002
116.30000000000001
121.70000000000002
116.30000000000001
82.40000000000002
134.70000000000002
84.00000000000001
84.0
84.00000000000001
84.0
102.70000000000002
105.00000000000003
87.80000000000003
128.00000000000003
111.30000000000004
68.30000000000004
303.79999999999995
192.3
274.79999999999995
221.3
272.59999999999997
244.60000000000002
299.6
217.60000000000002
192.3
139.3
194.3
137.3
155.70000000000002
91.00000000000001
107.70000000000002
139.0
143.3
96.40000000000003
143.3
105.00000000000003
96.40000000000002
96.40000000000002
96.40000000000002
96.40000000000002
111.30000000000004
68.30000000000004
164.40000000000003
183.70000000000002
206.6
189.70000000000002
112.00000000000003
137.3
116.30000000000003
137.3
82.40000000000003
166.3
143.19999999999993
95.30000000000003
109.40000000000002
134.70000000000002
121.70000000000002
113.70000000000002
84.0
84.0
84.00000000000001
84.0
87.80000000000003
128.00000000000003
102.70000000000002
105.00000000000003
111.30000000000004
68.30000000000004
274.79999999999995
164.19999999999996
324.79999999999995
130.40000000000003
112.90000000000003
141.00000000000003
157.89999999999995
157.89999999999995
157.89999999999995
157.89999999999995
162.19999999999996
162.19999999999996
162.19999999999993
162.19999999999996
157.89999999999995
157.89999999999995
157.89999999999995
157.89999999999995
162.60000000000002
98.49999999999996
114.60000000000002
173.49999999999994
153.59999999999994
162.19999999999996
111.59999999999994
204.19999999999996
126.10000000000004
157.89999999999995
126.10000000000004
157.89999999999995
162.19999999999996
185.40000000000003
162.19999999999996
185.40000000000003
157.89999999999995
126.10000000000004
157.89999999999995
126.10000000000004
190.00000000000003
130.40000000000003
194.00000000000003
130.40000000000003
169.0
276.79999999999995
178.6
301.79999999999995
178.6
185.40000000000003
132.3
217.00000000000003
130.40000000000003
196.0
167.00000000000003
167.0
196.00000000000003
126.10000000000002
126.10000000000002
126.10000000000002
126.10000000000002
130.4
130.40000000000003
130.4
130.40000000000003
126.10000000000002
126.10000000000002
126.10000000000002
126.10000000000002
144.8
146.5
123.80000000000001
194.49999999999997
147.10000000000002
100.80000000000001
126.10000000000004
121.80000000000001
126.10000000000004
87.80000000000003
275.3
160.0
167.0
134.70000000000002
151.4
151.4
151.4
151.4
155.70000000000002
155.70000000000002
155.7
155.70000000000002
151.4
151.4
151.4
151.4
211.59999999999997
89.20000000000002
247.30000000000004
141.60000000000002
160.00000000000003
141.60000000000005
134.70000000000002
132.4
157.70000000000002
126.10000000000002
136.70000000000002
134.70000000000002
134.70000000000002
136.70000000000002
130.4
130.4
130.4
130.4
217.60000000000002
38.70000000000003
302.3
160.0
210.7
134.70000000000002
151.4
151.4
151.4
151.4
155.70000000000002
155.70000000000002
155.7
155.70000000000002
151.4
151.4
151.4
151.4
163.59999999999997
87.20000000000002
265.59999999999997
162.59999999999997
162.70000000000005
162.59999999999997
157.70000000000002
146.99999999999997
157.70000000000002
146.99999999999997
151.29999999999998
151.29999999999998
151.29999999999995
151.29999999999998
146.99999999999997
146.99999999999997
146.99999999999997
146.99999999999997
265.59999999999997
40.70000000000003
191.70000000000005
134.70000000000002
171.3
136.70000000000002
225.60000000000002
143.60000000000002
198.60000000000002
170.60000000000002
200.3
225.60000000000002
126.10000000000002
126.10000000000002
126.10000000000002
126.10000000000002
130.4
130.40000000000003
130.4
130.40000000000003
126.10000000000002
126.10000000000002
126.10000000000002
126.10000000000002
130.30000000000004
99.9
99.90000000000003
115.30000000000001
107.00000000000003
104.70000000000002
104.70000000000002
100.80000000000001
130.40000000000003
101.00000000000001
130.40000000000003
101.00000000000001
105.30000000000001
189.70000000000005
105.30000000000001
189.70000000000002
101.00000000000001
130.40000000000003
101.00000000000001
130.40000000000003
200.3
120.50000000000003
173.3
147.49999999999994
204.60000000000002
160.00000000000003
196.60000000000002
162.00000000000003
179.3
171.60000000000002
171.3
204.60000000000002
126.10000000000002
126.10000000000002
126.10000000000002
126.10000000000002
130.4
130.40000000000003
130.4
130.40000000000003
126.10000000000002
126.10000000000002
126.10000000000002
126.10000000000002
132.30000000000004
99.9
189.70000000000005
134.70000000000002
139.0
134.70000000000002
196.19999999999996
145.40000000000003
190.19999999999996
139.0
133.0
198.3
160.0
171.3
126.10000000000002
126.10000000000002
126.10000000000002
126.10000000000002
134.70000000000002
134.70000000000002
134.70000000000002
134.70000000000002
130.30000000000004
68.30000000000004
189.70000000000005
132.40000000000003
136.70000000000005
109.40000000000002
113.70000000000003
133.00000000000003
130.70000000000005
139.0
133.0
196.00000000000003
111.30000000000003
146.00000000000003
126.10000000000002
126.10000000000002
126.10000000000002
126.10000000000002
134.70000000000002
112.00000000000003
134.70000000000002
139.00000000000003
130.30000000000004
68.30000000000004
189.70000000000005
157.70000000000005
162.0
134.70000000000002
136.70000000000005
156.00000000000003
190.19999999999996
139.0
133.0
221.3
160.0
171.3
126.10000000000002
126.10000000000002
126.10000000000002
126.10000000000002
134.70000000000002
134.70000000000002
134.70000000000002
134.70000000000002
130.30000000000004
68.30000000000004
198.3
109.40000000000002
113.70000000000003
109.40000000000002
113.70000000000003
133.00000000000003
190.19999999999996
139.0
133.0
173.00000000000003
160.0
146.00000000000003
126.10000000000002
126.10000000000002
126.10000000000002
126.10000000000002
134.70000000000002
139.00000000000003
134.70000000000002
139.00000000000003
130.30000000000004
68.30000000000004
215.0
130.40000000000003
134.70000000000005
134.70000000000002
134.70000000000005
133.00000000000003
190.19999999999996
139.0
133.0
196.00000000000003
160.0
146.00000000000003
126.10000000000002
126.10000000000002
126.10000000000002
126.10000000000002
130.30000000000004
68.30000000000004
185.40000000000003
134.70000000000002
134.70000000000002
155.70000000000005
196.19999999999996
145.40000000000003
190.19999999999996
134.70000000000002
133.0
194.00000000000003
160.0
167.00000000000003
126.10000000000002
126.10000000000002
126.10000000000002
126.10000000000002
156.60000000000002
68.30000000000004
236.0
134.70000000000002
139.0
155.70000000000002
134.70000000000005
154.00000000000003
190.19999999999996
160.0
133.0
194.00000000000003
160.0
167.00000000000003
126.10000000000002
126.10000000000002
126.10000000000002
126.10000000000002
151.30000000000004
68.30000000000004
164.40000000000003
155.70000000000005
155.70000000000005
134.70000000000002
196.19999999999996
145.40000000000003
190.19999999999996
134.70000000000002
133.0
196.00000000000003
160.0
146.00000000000003
126.10000000000002
126.10000000000002
126.10000000000002
126.10000000000002
156.60000000000002
68.30000000000004
185.40000000000003
130.40000000000003
134.70000000000002
130.40000000000003
196.19999999999996
133.0
190.19999999999996
134.70000000000002
133.0
194.00000000000003
160.0
167.00000000000003
126.10000000000002
126.10000000000002
126.10000000000002
126.10000000000002
134.70000000000002
134.70000000000002
134.70000000000002
134.70000000000002
156.60000000000002
68.30000000000004
185.40000000000003
130.40000000000003
134.70000000000002
132.30000000000004
196.19999999999996
133.0
190.19999999999996
134.70000000000002
133.0
194.00000000000003
160.0
167.00000000000003
126.10000000000002
126.10000000000002
126.10000000000002
126.10000000000002
134.70000000000002
162.0
134.70000000000002
139.00000000000003
156.60000000000002
68.30000000000004
185.40000000000003
130.40000000000003
134.70000000000002
130.40000000000003
196.19999999999996
133.0
190.19999999999996
134.70000000000002
133.0
194.00000000000003
160.0
167.00000000000003
126.10000000000002
126.10000000000002
126.10000000000002
126.10000000000002
134.70000000000002
134.70000000000002
134.70000000000002
134.70000000000002
156.60000000000002
68.30000000000004
185.40000000000003
132.30000000000004
134.70000000000002
130.40000000000003
196.19999999999996
133.0
190.19999999999996
134.70000000000002
133.0
194.00000000000003
160.0
167.00000000000003
126.10000000000002
126.10000000000002
126.10000000000002
126.10000000000002
134.70000000000002
139.00000000000003
134.70000000000002
139.00000000000003
156.60000000000002
68.30000000000004
227.39999999999998
172.39999999999998
196.00000000000003
172.39999999999998
257.49999999999994
223.8
222.49999999999994
196.00000000000003
165.3
196.00000000000003
167.29999999999995
167.00000000000003
168.09999999999997
166.00000000000003
166.00000000000003
168.09999999999997
168.09999999999997
168.09999999999997
168.09999999999997
168.09999999999997
172.39999999999998
172.39999999999998
172.39999999999998
172.39999999999998
168.09999999999997
168.09999999999997
168.09999999999997
168.09999999999997
191.70000000000005
168.09999999999997
191.70000000000005
178.70000000000002
231.7
189.70000000000005
210.7
210.70000000000002
231.69999999999996
169.00000000000003
210.69999999999996
191.70000000000005
169.00000000000003
193.3
148.00000000000003
210.70000000000002
151.4
158.40000000000003
105.40000000000002
227.39999999999998
219.30000000000004
164.30000000000004
165.3
164.30000000000004
228.49999999999994
165.3
174.49999999999997
219.30000000000004
167.3
194.00000000000003
171.3
119.00000000000001
141.00000000000003
137.60000000000002
141.00000000000003
137.60000000000002
160.00000000000003
160.00000000000003
160.00000000000003
160.00000000000003
164.30000000000004
164.30000000000004
164.3
164.30000000000004
160.00000000000003
160.00000000000003
160.00000000000003
160.00000000000003
126.10000000000004
191.50000000000003
188.00000000000006
126.10000000000002
228.10000000000002
185.40000000000003
155.70000000000002
137.40000000000003
138.30000000000004
126.10000000000004
186.3
194.00000000000006
130.40000000000003
170.60000000000002
171.30000000000004
155.70000000000002
160.00000000000003
134.00000000000003
133.00000000000003
126.10000000000002
210.70000000000002
155.70000000000002
194.00000000000003
155.70000000000002
228.49999999999994
254.79999999999998
174.49999999999997
194.00000000000003
167.29999999999995
194.00000000000003
167.29999999999995
170.29999999999995
151.4
151.4
151.4
151.4
151.4
151.4
151.4
151.4
155.70000000000002
155.70000000000002
155.7
155.70000000000002
151.4
151.4
151.4
151.4
189.70000000000005
128.70000000000002
162.70000000000005
134.70000000000002
162.7
210.70000000000002
139.00000000000003
162.70000000000005
135.70000000000002
151.40000000000003
134.70000000000002
130.40000000000003
130.40000000000003
162.70000000000005
146.00000000000003
210.70000000000002
130.4
179.40000000000003
103.40000000000003
221.30000000000004
166.30000000000004
186.3
166.30000000000004
257.49999999999994
186.3
222.49999999999994
221.30000000000004
211.19999999999996
196.00000000000003
168.3
167.00000000000003
126.10000000000001
181.6
131.0
135.6
127.00000000000001
127.00000000000001
127.00000000000001
127.00000000000001
131.3
131.3
131.3
131.3
127.00000000000001
127.00000000000001
127.00000000000001
127.00000000000001
126.10000000000004
126.10000000000002
126.10000000000004
126.10000000000002
155.70000000000005
164.40000000000003
134.70000000000002
185.40000000000003
207.30000000000004
161.00000000000003
186.3
126.10000000000004
130.40000000000003
218.60000000000002
138.3
155.70000000000002
148.0
134.0
114.00000000000004
155.70000000000005
100.7
155.70000000000005
100.7
155.70000000000005
100.7
155.70000000000005
100.7
155.70000000000005
100.7
185.40000000000003
130.4
134.70000000000002
130.4
196.19999999999996
133.0
190.19999999999996
134.70000000000002
133.0
194.00000000000003
160.0
167.00000000000003
126.10000000000001
126.10000000000001
126.10000000000001
126.10000000000001
126.10000000000001
126.10000000000001
126.10000000000001
126.10000000000001
130.4
130.4
130.4
130.4
126.10000000000001
126.10000000000001
126.10000000000001
126.10000000000001
130.30000000000004
68.30000000000004
155.70000000000005
100.7
185.40000000000003
130.40000000000003
134.70000000000002
130.40000000000003
196.19999999999996
133.0
190.19999999999996
134.70000000000002
133.0
194.00000000000003
160.0
167.00000000000003
126.10000000000002
126.10000000000002
126.10000000000002
126.10000000000002
126.10000000000002
126.10000000000002
126.10000000000002
126.10000000000002
130.4
130.4
130.4
130.4
126.10000000000002
126.10000000000002
126.10000000000002
126.10000000000002
151.30000000000004
20.30000000000001
155.70000000000005
100.7
155.70000000000005
100.7
155.70000000000005
100.7
155.70000000000005
100.7

11259
176.89999999999998

158.3
89.30000000000001
231.09999999999997
226.79999999999995
252.09999999999997
205.79999999999995
231.09999999999997
231.09999999999997
231.09999999999997
231.09999999999997
222.49999999999997
222.49999999999997
222.49999999999997
222.49999999999997
226.79999999999998
224.49999999999997
249.79999999999998
201.49999999999997
222.49999999999997
328.09999999999997
277.5
250.49999999999997
250.5
277.5
259.09999999999997
336.79999999999995
307.09999999999997
288.79999999999995
226.79999999999998
277.5
247.79999999999995
256.5
281.79999999999995
259.09999999999997
233.79999999999998
307.09999999999997
222.49999999999997
250.49999999999997
195.49999999999997
277.5
146.3
142.0
167.3
121.00000000000001
146.3
146.3
146.3
146.3
137.70000000000002
137.70000000000002
137.70000000000002
137.70000000000002
139.70000000000002
142.00000000000003
116.70000000000002
165.00000000000003
197.00000000000003
197.0
192.70000000000005
252.00000000000003
227.50000000000003
192.70000000000005
300.5
119.7
197.00000000000003
259.8
97.00000000000001
359.8
137.70000000000002
165.70000000000002
110.70000000000002
192.70000000000002
249.5
201.5
242.5
238.2
215.5
217.2
242.5
242.5
242.5
242.5
233.9
233.9
233.9
233.9
229.6
233.9
208.6
206.9
222.00000000000003
222.3
218.0
243.3
197.0
222.3
222.3
222.3
222.3
213.70000000000002
213.70000000000002
213.70000000000002
213.70000000000002
227.29999999999995
85.00000000000001
136.00000000000003
107.70000000000003
88.00000000000001
128.70000000000002
114.00000000000003
78.00000000000003
112.00000000000003
87.99999999999999
99.40000000000002
99.40000000000002
99.40000000000002
99.40000000000002
96.40000000000003
134.70000000000002
24.700000000000017
75.40000000000003
45.70000000000002
54.400000000000034
79.70000000000003
57.000000000000014
31.700000000000028
105.00000000000001
20.400000000000016
48.40000000000002
51.40000000000002
75.40000000000002
141.60000000000002
190.2
135.60000000000002
169.2
169.60000000000002
141.60000000000002
137.3
114.60000000000002
133.0
133.0
133.0
133.0
144.29999999999995
118.00000000000003
226.3
195.0
220.3
201.0
199.3
226.3
226.3
199.30000000000004
217.70000000000002
217.70000000000002
217.70000000000002
217.70000000000002
206.29999999999995
91.00000000000003
91.00000000000003
140.0
107.70000000000003
92.00000000000001
128.70000000000002
135.00000000000003
92.00000000000003
85.00000000000003
112.99999999999999
124.40000000000002
174.00000000000006
148.70000000000002
124.4
158.40000000000003
131.40000000000003
134.70000000000002
86.70000000000003
163.2
158.40000000000003
211.2
110.40000000000003
162.70000000000005
199.79999999999998
91.00000000000003
105.00000000000001
103.40000000000002
135.70000000000002
190.70000000000002
183.70000000000002
137.60000000000002
190.20000000000005
158.60000000000002
169.2
192.60000000000002
137.60000000000002
192.60000000000002
137.60000000000002
129.0
129.0
129.0
129.0
117.29999999999997
151.8
246.60000000000002
225.60000000000002
313.09999999999997
328.1
257.09999999999997
262.90000000000003
231.90000000000003
200.90000000000003
202.60000000000002
121.9
151.60000000000002
144.90000000000003
174.60000000000002
121.9
168.60000000000002
142.60000000000002
141.60000000000002
169.60000000000002
138.3
164.3
165.3
137.30000000000004
155.70000000000002
160.00000000000003
134.70000000000002
127.0
161.00000000000003
191.50000000000003
188.00000000000006
243.50000000000003
228.10000000000002
168.70000000000005
139.0
226.30000000000004
138.30000000000004
161.00000000000003
186.3
194.00000000000006
165.3
170.60000000000002
171.30000000000004
139.0
160.00000000000003
134.00000000000003
133.00000000000003
161.0
286.09999999999997
328.1
280.09999999999997
283.90000000000003
231.90000000000003
253.79999999999998
283.90000000000003
205.79999999999998
232.60000000000002
305.4
253.60000000000002
259.4
168.60000000000002
196.60000000000002
141.60000000000005
169.60000000000002
160.00000000000003
168.60000000000002
118.00000000000003
286.09999999999997
328.1
280.09999999999997
283.90000000000003
231.90000000000003
173.90000000000003
175.60000000000002
121.9
313.09999999999997
328.1
257.09999999999997
262.90000000000003
231.90000000000003
253.79999999999995
310.90000000000003
205.79999999999998
232.60000000000002
282.4
280.6
259.4
168.60000000000002
196.60000000000002
141.60000000000002
169.60000000000002
112.00000000000003
286.09999999999997
328.1
280.09999999999997
283.90000000000003
231.90000000000003
234.29999999999995
283.90000000000003
199.3
232.60000000000002
305.4
253.60000000000002
259.4
155.70000000000002
164.3
132.39999999999998
152.3
168.60000000000002
138.3
162.60000000000002
144.3
160.00000000000003
138.3
112.00000000000004
313.09999999999997
328.1
257.09999999999997
262.90000000000003
231.90000000000003
200.90000000000003
202.60000000000002
121.9
313.09999999999997
328.1
257.09999999999997
262.90000000000003
231.90000000000003
255.90000000000003
310.90000000000003
199.3
232.60000000000002
282.4
202.49999999999997
259.4
107.70000000000005
286.09999999999997
328.1
280.09999999999997
283.90000000000003
231.90000000000003
173.90000000000003
175.60000000000002
121.9
313.09999999999997
328.1
257.09999999999997
262.90000000000003
231.90000000000003
200.90000000000003
202.60000000000002
121.9
313.09999999999997
328.1
257.09999999999997
262.90000000000003
231.90000000000003
200.90000000000003
202.60000000000002
121.9
313.09999999999997
328.1
257.09999999999997
262.90000000000003
231.90000000000003
200.90000000000003
202.60000000000002
121.9
313.09999999999997
328.1
257.09999999999997
262.90000000000003
231.90000000000003
200.90000000000003
202.60000000000002
121.9
342.7
328.1
309.7
315.20000000000005
238.20000000000002
205.20000000000002
221.90000000000003
128.20000000000002
160.20000000000002
177.2
149.60000000000002
160.2
174.90000000000003
168.60000000000002
139.90000000000003
149.60000000000002
168.60000000000002
170.60000000000002
170.60000000000002
168.60000000000002
160.00000000000003
160.00000000000003
160.00000000000003
160.00000000000003
161.00000000000003
191.50000000000003
188.00000000000006
243.50000000000003
228.10000000000002
168.70000000000005
139.0
226.30000000000004
138.30000000000004
161.00000000000003
186.3
194.00000000000006
165.3
170.60000000000002
171.30000000000004
139.0
160.00000000000003
134.00000000000003
133.00000000000003
161.0
155.70000000000002
160.00000000000003
134.70000000000002
181.00000000000003
317.09999999999997
328.1
238.09999999999997
290.20000000000005
236.20000000000005
230.2
317.20000000000005
126.19999999999999
367.7
328.1
288.7
290.20000000000005
236.20000000000005
230.20000000000002
317.20000000000005
126.20000000000002
292.09999999999997
307.20000000000005
259.09999999999997
315.20000000000005
238.20000000000002
205.2
315.20000000000005
128.20000000000002
313.09999999999997
279.90000000000003
257.09999999999997
262.90000000000003
231.90000000000003
200.90000000000003
202.60000000000002
121.9
313.09999999999997
313.09999999999997
313.09999999999997
257.09999999999997
200.90000000000003
121.9
313.09999999999997
313.09999999999997
279.90000000000003
257.09999999999997
262.90000000000003
231.90000000000003
200.90000000000003
202.60000000000002
121.9
313.09999999999997
257.09999999999997
255.89999999999998
176.89999999999998
316.6
282.4
339.6
259.4
252.10000000000002
247.8
273.1
226.8
252.10000000000002
252.10000000000002
252.10000000000002
252.10000000000002
243.50000000000003
243.50000000000003
243.50000000000003
243.50000000000003
239.20000000000002
243.50000000000003
218.20000000000002
264.5
247.8
330.8
220.80000000000004
357.8
354.00000000000006
243.50000000000003
381.00000000000006
216.50000000000003
247.8
331.30000000000007
193.8
385.30000000000007
243.50000000000003
216.50000000000003
216.50000000000003
243.50000000000003
313.09999999999997
313.09999999999997
317.40000000000003
230.09999999999997
400.40000000000003
262.4
255.90000000000003
252.09999999999997
153.9
313.09999999999997
279.90000000000003
257.09999999999997
262.90000000000003
231.90000000000003
200.90000000000003
202.60000000000002
121.9
313.09999999999997
369.40000000000003
257.09999999999997
400.40000000000003
314.4
255.90000000000003
279.09999999999997
176.89999999999998
313.09999999999997
252.90000000000003
230.09999999999997
262.90000000000003
208.90000000000003
200.90000000000003
202.60000000000002
98.9
313.09999999999997
279.90000000000003
257.09999999999997
262.90000000000003
231.90000000000003
200.90000000000003
310.90000000000003
121.9
313.09999999999997
317.40000000000003
230.09999999999997
400.40000000000003
262.4
255.90000000000003
256.4
153.9
313.09999999999997
252.90000000000003
230.09999999999997
262.90000000000003
208.90000000000003
200.90000000000003
202.60000000000002
119.00000000000003
313.09999999999997
369.40000000000003
257.09999999999997
400.40000000000003
314.4
255.90000000000003
304.4
176.89999999999998
313.09999999999997
332.4
257.09999999999997
262.90000000000003
231.90000000000003
200.90000000000003
310.90000000000003
123.30000000000001
313.09999999999997
307.1
257.09999999999997
262.90000000000003
231.90000000000003
200.90000000000003
200.90000000000003
123.30000000000001
313.09999999999997
332.40000000000003
257.09999999999997
262.90000000000003
231.90000000000003
200.90000000000003
202.60000000000002
123.30000000000001
313.09999999999997
307.1
257.09999999999997
262.90000000000003
231.90000000000003
200.90000000000003
221.90000000000003
123.30000000000001

8206
141.59999999999997

247.59999999999997
220.59999999999997
220.59999999999997
247.59999999999997
123.30000000000003
171.3
9.000000000000028
224.60000000000002
48.40000000000002
107.70000000000003
27.400000000000034
128.70000000000005
119.00000000000003
165.3
140.00000000000003
144.30000000000004
86.70000000000002
188.00000000000003
107.70000000000003
167.00000000000003
71.10000000000002
79.70000000000002
29.10000000000001
121.70000000000002
79.70000000000002
162.7
52.70000000000002
189.70000000000002
103.40000000000003
75.40000000000002
130.40000000000003
48.400000000000006
79.70000000000002
80.70000000000003
25.700000000000017
134.70000000000005
75.40000000000002
48.40000000000002
48.400000000000006
75.40000000000002
192.59999999999997
165.6
118.49999999999999
226.8
64.50000000000003
247.59999999999997
220.59999999999997
220.59999999999997
247.59999999999997
123.30000000000003
171.3
9.000000000000028
192.59999999999997
165.59999999999997
118.49999999999999
226.79999999999995
64.49999999999997
117.29999999999997
206.8
-20.599999999999966
144.3
206.8
11.700000000000031
117.29999999999997
206.8
110.30000000000003
123.30000000000003
206.8
59.70000000000002
201.2
251.89999999999998
222.2
230.89999999999998
117.29999999999997
124.90000000000003
13.300000000000026
198.89999999999998
160.59999999999997
117.29999999999997
122.60000000000002
11.000000000000028
224.2
274.9
245.2
253.89999999999998
117.29999999999997
147.90000000000003
-14.399999999999963
175.89999999999998
137.59999999999997
69.30000000000003
99.60000000000002
-11.999999999999972
171.3
190.20000000000005
186.29999999999995
196.2
172.3
192.3
172.3
171.3
156.69999999999996
156.69999999999996
156.69999999999996
156.69999999999996
165.3
168.00000000000003
113.00000000000001
165.29999999999995
174.00000000000003
137.3
222.00000000000003
114.60000000000002
114.99999999999997
160.00000000000003
137.99999999999997
181.00000000000003
117.30000000000004
158.4
159.29999999999998
113.70000000000002
167.5
190.20000000000005
188.5
169.2
174.50000000000003
167.5
174.50000000000003
167.5
158.9
158.9
158.9
158.9
110.30000000000003
60.199999999999974
164.3
190.20000000000005
183.0
169.2
219.3
185.29999999999998
240.3
164.3
151.4
151.4
151.4
151.4
160.10000000000002
164.3
160.10000000000002
166.3
210.70000000000002
277.0
293.2
298.0
306.70000000000005
297.5
277.0
297.5
277.0
268.4
268.4
268.4
268.4
251.70000000000002
318.5
251.69999999999996
318.5
245.2
168.60000000000002
190.20000000000005
168.9
169.2
196.89999999999998
164.3
196.89999999999998
166.3
155.70000000000002
155.70000000000002
155.70000000000002
155.70000000000002
202.90000000000003
198.60000000000002
283.1
333.80000000000007
304.1
312.80000000000007
338.1
283.1
338.1
283.1
274.5
274.5
274.5
274.5
313.29999999999995
191.60000000000002
217.2
191.89999999999998
196.2
225.89999999999998
170.89999999999998
225.89999999999998
170.89999999999998
162.29999999999998
162.29999999999998
162.29999999999998
162.29999999999998
171.90000000000003
170.89999999999998
260.1
304.80000000000007
275.1
283.80000000000007
309.1
260.1
309.1
260.1
251.50000000000003
251.50000000000003
251.50000000000003
251.50000000000003
317.29999999999995
283.1
336.1
281.1
338.1
336.1
283.1
338.1
281.1
272.5
272.5
272.5
272.5
114.0
225.8
276.5
246.8
255.5
244.6
162.20000000000002
217.89999999999998
141.2
254.10000000000002
276.5
275.1
309.1
309.1
275.1
330.1
254.10000000000002
266.5
266.5
266.5
266.5
70.00000000000003
269.8
297.5
267.8
299.5
244.6
164.2
192.89999999999998
162.2
135.00000000000003
226.2
276.5
245.2
257.5
274.9
221.89999999999998
276.9
221.8
211.29999999999998
211.29999999999998
211.29999999999998
211.29999999999998
125.89999999999999
233.2
256.2
256.2
233.2
256.2
196.89999999999998
213.59999999999997
175.89999999999998
188.29999999999998
188.29999999999998
188.29999999999998
188.29999999999998
112.00000000000001
224.10000000000002
228.5
203.1
228.49999999999994
230.90000000000003
219.8
251.90000000000003
177.8
188.3
188.3
188.3
188.3
125.89999999999999
281.2
300.2
300.2
281.2
300.2
221.89999999999998
302.2
219.89999999999998
211.29999999999998
211.29999999999998
211.29999999999998
211.29999999999998
112.00000000000001
192.59999999999997
217.2
213.59999999999997
196.2
247.59999999999997
192.59999999999997
247.59999999999997
192.59999999999997
183.99999999999997
183.99999999999997
183.99999999999997
183.99999999999997
141.59999999999997
192.59999999999997
217.2
213.59999999999997
196.2
192.59999999999997
192.59999999999997
192.59999999999997
192.59999999999997
183.99999999999997
183.99999999999997
183.99999999999997
183.99999999999997
192.8
192.3
192.59999999999997
217.2
213.59999999999997
196.2
247.59999999999997
192.59999999999997
247.59999999999997
192.59999999999997
183.99999999999997
183.99999999999997
183.99999999999997
183.99999999999997
142.59999999999997
167.00000000000003
192.59999999999997
217.2
213.59999999999997
196.2
213.59999999999997
192.59999999999997
213.59999999999997
192.59999999999997
183.99999999999997
183.99999999999997
183.99999999999997
183.99999999999997
198.8
293.6
275.09999999999997
325.79999999999995
296.09999999999997
304.79999999999995
330.09999999999997
275.09999999999997
330.09999999999997
275.09999999999997
266.49999999999994
266.49999999999994
266.49999999999994
266.49999999999994
117.29999999999997
192.59999999999997
217.2
213.59999999999997
196.2
247.59999999999997
192.59999999999997
247.59999999999997
192.59999999999997
183.99999999999997
183.99999999999997
183.99999999999997
183.99999999999997
117.29999999999997
275.09999999999997
325.79999999999995
296.09999999999997
304.79999999999995
330.09999999999997
275.09999999999997
330.09999999999997
275.09999999999997
266.49999999999994
266.49999999999994
266.49999999999994
266.49999999999994
117.29999999999997
192.59999999999997
217.2
213.59999999999997
196.2
247.59999999999997
192.59999999999997
247.59999999999997
192.59999999999997
183.99999999999997
183.99999999999997
183.99999999999997
183.99999999999997
117.29999999999997
192.59999999999997
217.2
213.59999999999997
196.2
247.59999999999997
192.59999999999997
247.59999999999997
192.59999999999997
183.99999999999997
183.99999999999997
183.99999999999997
183.99999999999997
117.29999999999997
275.09999999999997
325.79999999999995
296.09999999999997
304.79999999999995
330.09999999999997
275.09999999999997
330.09999999999997
275.09999999999997
266.49999999999994
266.49999999999994
266.49999999999994
266.49999999999994
137.3
192.59999999999997
217.2
213.59999999999997
196.2
247.59999999999997
192.59999999999997
247.59999999999997
192.59999999999997
183.99999999999997
183.99999999999997
183.99999999999997
183.99999999999997
117.29999999999997
275.09999999999997
325.79999999999995
296.09999999999997
304.79999999999995
330.09999999999997
275.09999999999997
330.09999999999997
275.09999999999997
266.49999999999994
266.49999999999994
266.49999999999994
266.49999999999994
139.3
192.59999999999997
217.2
213.59999999999997
196.2
247.59999999999997
192.59999999999997
247.59999999999997
192.59999999999997
183.99999999999997
183.99999999999997
183.99999999999997
183.99999999999997
117.29999999999997
192.59999999999997
217.2
213.59999999999997
196.2
247.59999999999997
192.59999999999997
247.59999999999997
192.59999999999997
183.99999999999997
183.99999999999997
183.99999999999997
183.99999999999997
137.3
192.59999999999997
217.2
213.59999999999997
196.2
247.59999999999997
192.59999999999997
247.59999999999997
192.59999999999997
183.99999999999997
183.99999999999997
183.99999999999997
183.99999999999997
117.29999999999997
192.59999999999997
217.2
213.59999999999997
196.2
247.59999999999997
192.59999999999997
247.59999999999997
192.59999999999997
183.99999999999997
183.99999999999997
183.99999999999997
183.99999999999997
139.3